1: 1 3 16 14 2 13 5 11 15 7 10 4 9 12 6 8 
2: 1 3 16 14 5 8 7 11 13 4 12 2 9 15 6 10 
3: 1 3 16 14 7 8 5 15 11 10 6 4 9 13 2 12 
4: 1 5 12 16 3 11 4 10 15 7 9 2 13 8 6 14 
5: 1 5 12 16 9 6 3 15 11 10 4 7 8 14 2 13 
6: 1 5 13 15 3 14 2 16 11 12 8 4 6 9 7 10 
7: 1 5 13 15 7 8 4 14 11 10 6 2 12 9 3 16 
8: 1 5 13 15 8 7 4 14 11 3 12 2 6 16 9 10 
9: 1 5 13 15 8 7 4 14 11 9 6 2 12 10 3 16 
10: 1 5 13 15 10 7 2 16 11 9 4 6 8 14 3 12 
11: 1 7 11 15 4 3 12 6 9 8 13 5 10 14 2 16 
12: 1 7 11 15 10 3 6 8 13 2 9 5 12 16 4 14 
13: 1 7 14 12 10 9 3 8 16 2 6 5 15 13 4 11 
14: 1 7 15 11 5 8 10 3 14 2 13 6 12 16 4 9 
15: 1 7 15 11 6 9 8 16 3 13 12 4 2 14 5 10 
16: 1 7 16 10 2 13 9 3 15 5 12 8 11 14 4 6 
17: 1 8 11 14 2 5 13 6 7 10 15 4 9 12 3 16 
18: 1 8 11 14 2 12 6 7 13 10 9 3 15 5 4 16 
19: 1 8 12 13 10 7 4 6 16 3 5 9 14 15 2 11 
20: 1 9 8 16 2 13 3 10 12 14 6 7 11 5 4 15 
21: 1 9 8 16 12 4 2 10 13 3 6 7 11 15 5 14 
22: 1 9 11 13 10 7 4 5 16 2 6 8 15 14 3 12 
23: 1 9 11 13 12 3 6 15 4 8 10 2 7 14 5 16 
24: 1 9 13 11 7 4 12 10 3 8 16 2 6 15 5 14 
25: 1 9 14 10 3 15 6 12 7 8 16 4 2 13 11 5 
26: 1 9 14 10 4 13 7 12 6 16 8 3 11 5 2 15 
27: 1 9 16 8 2 14 10 11 4 13 15 5 3 12 6 7 
28: 1 9 16 8 4 12 10 2 13 3 14 7 11 15 5 6 
29: 1 10 7 16 2 13 3 9 12 14 6 8 11 5 4 15 
30: 1 10 7 16 5 9 4 14 6 8 15 2 3 11 12 13 
31: 1 10 7 16 6 8 4 15 5 9 14 3 2 12 11 13 
32: 1 10 7 16 12 4 2 9 13 3 6 8 11 15 5 14 
33: 1 10 9 14 8 7 5 3 16 4 6 12 13 15 2 11 
34: 1 10 9 14 8 7 5 13 6 4 16 2 3 15 12 11 
35: 1 10 11 12 14 2 6 13 5 7 8 4 9 15 3 16 
36: 1 10 16 7 6 13 8 2 14 3 11 9 12 15 4 5 
37: 1 11 7 15 5 6 8 12 3 10 16 4 2 13 9 14 
38: 1 11 9 13 2 7 12 8 3 14 15 5 6 10 4 16 
39: 1 11 12 10 16 5 3 14 6 8 4 7 9 15 2 13 
40: 1 11 15 7 5 14 8 12 3 10 16 4 2 13 9 6 
41: 1 12 5 16 4 11 3 10 9 6 15 2 7 8 13 14 
42: 1 12 5 16 9 6 3 15 4 11 10 7 2 13 8 14 
43: 1 12 6 15 9 3 7 11 4 13 8 10 5 14 2 16 
44: 1 12 7 14 6 5 9 3 10 2 16 4 11 13 8 15 
45: 1 12 7 14 6 5 9 11 2 10 16 4 3 13 8 15 
46: 1 12 8 13 3 7 11 9 2 15 14 6 5 10 4 16 
47: 1 12 10 11 15 3 5 13 4 9 6 8 7 16 2 14 
48: 1 12 11 10 16 6 2 15 5 9 4 7 8 14 3 13 
49: 1 12 13 8 4 15 7 6 9 10 11 14 3 16 5 2 
50: 1 12 13 8 4 16 6 7 9 11 10 2 15 3 5 14 
51: 1 12 13 8 4 16 6 7 9 11 10 14 3 15 5 2 
52: 1 12 14 7 5 16 6 13 3 11 15 2 4 9 10 8 
53: 1 12 15 6 8 16 4 13 5 11 10 9 2 14 7 3 
54: 1 12 16 5 7 14 8 11 3 15 9 10 4 13 2 6 
55: 1 12 16 5 13 14 2 9 11 3 7 8 10 15 6 4 
56: 1 13 5 15 4 7 8 2 11 3 16 6 10 12 9 14 
57: 1 13 5 15 4 7 8 10 3 11 16 6 2 12 9 14 
58: 1 13 5 15 4 9 6 3 12 2 16 8 7 14 11 10 
59: 1 13 6 14 4 7 9 10 2 12 16 5 3 11 8 15 
60: 1 13 6 14 7 5 8 11 2 15 10 9 4 12 3 16 
61: 1 13 6 14 10 2 8 4 9 3 12 7 11 15 5 16 
62: 1 13 8 12 4 16 2 10 9 15 6 7 11 3 5 14 
63: 1 13 8 12 16 4 2 10 9 3 6 7 11 15 5 14 
64: 1 13 9 11 5 14 4 2 15 8 6 10 16 7 3 12 
65: 1 13 9 11 14 5 4 15 2 8 10 6 3 16 7 12 
66: 1 13 11 9 4 15 6 5 10 8 12 14 3 16 7 2 
67: 1 13 14 6 4 15 9 10 2 12 16 5 3 11 8 7 
68: 1 13 14 6 9 15 4 5 12 3 10 11 8 16 7 2 
69: 1 13 14 6 10 16 2 15 4 11 9 7 3 12 8 5 
70: 1 13 15 5 4 14 11 8 2 12 16 3 7 9 6 10 
71: 1 13 16 4 8 12 10 2 9 3 14 7 11 15 5 6 
72: 1 13 16 4 14 11 5 10 6 2 12 3 9 15 8 7 
73: 1 14 3 16 2 11 5 8 7 15 10 12 4 9 6 13 
74: 1 14 3 16 5 11 2 8 10 6 13 4 9 7 12 15 
75: 1 14 3 16 8 6 4 5 11 2 13 9 7 15 10 12 
76: 1 14 3 16 10 6 2 13 5 11 8 9 4 12 7 15 
77: 1 14 6 13 7 11 3 9 8 15 4 16 5 12 2 10 
78: 1 14 6 13 7 12 2 10 8 15 4 9 11 5 3 16 
79: 1 14 7 12 6 13 3 9 8 16 4 10 11 5 2 15 
80: 1 14 7 12 8 11 3 2 15 5 6 10 16 9 4 13 
81: 1 14 7 12 10 8 4 11 5 13 6 15 2 16 3 9 
82: 1 14 9 10 4 15 5 13 2 16 12 6 3 7 8 11 
83: 1 14 9 10 8 5 11 2 7 3 16 4 12 13 6 15 
84: 1 14 11 8 16 6 4 13 3 10 5 9 7 15 2 12 
85: 1 14 12 7 6 8 13 5 2 11 15 10 4 16 3 9 
86: 1 14 12 7 15 8 4 5 11 2 6 10 13 16 3 9 
87: 1 14 13 6 8 16 4 5 11 3 12 2 15 7 9 10 
88: 1 14 13 6 8 16 4 5 11 3 12 10 7 15 9 2 
89: 1 14 16 3 9 15 7 11 2 13 10 8 5 12 4 6 
90: 1 15 2 16 4 11 3 7 9 13 8 14 5 10 6 12 
91: 1 15 2 16 7 6 5 3 11 4 12 10 9 13 8 14 
92: 1 15 4 14 2 13 5 8 6 10 16 7 3 9 12 11 
93: 1 15 4 14 7 8 5 3 11 10 6 12 13 9 2 16 
94: 1 15 4 14 7 8 5 3 11 10 6 16 9 13 2 12 
95: 1 15 4 14 8 7 5 3 11 9 6 12 13 10 2 16 
96: 1 15 5 13 7 12 2 8 9 14 4 16 6 11 3 10 
97: 1 15 6 12 9 3 10 2 7 5 13 8 11 14 4 16 
98: 1 15 6 12 9 11 2 10 7 13 5 16 3 14 4 8 
99: 1 15 7 11 2 9 12 4 3 13 16 8 6 10 5 14 
100: 1 15 7 11 9 12 2 3 14 6 5 10 16 8 4 13 
101: 1 15 7 11 12 9 2 4 13 3 6 8 16 10 5 14 
102: 1 15 7 11 12 9 2 4 13 3 6 14 10 16 5 8 
103: 1 15 8 10 2 16 6 4 9 11 12 5 13 3 7 14 
104: 1 15 11 7 3 16 8 2 9 10 12 14 6 13 5 4 
105: 1 15 12 6 7 16 5 3 11 2 14 4 13 9 10 8 
106: 1 15 12 6 7 16 5 3 11 2 14 8 9 13 10 4 
107: 1 15 13 5 9 16 4 3 12 2 11 6 14 10 8 7 
108: 1 15 14 4 8 12 10 3 6 9 11 13 7 16 2 5 
109: 1 15 14 4 8 16 6 3 10 9 7 13 11 12 2 5 
110: 1 15 14 4 11 12 7 3 9 6 8 13 10 16 2 5 
111: 1 15 16 2 10 13 9 3 7 5 12 8 11 14 4 6 
112: 1 15 16 2 14 13 5 11 3 7 10 4 9 12 6 8 
113: 1 16 3 14 5 11 4 2 12 8 9 10 13 7 6 15 
114: 1 16 3 14 8 10 2 9 7 13 6 15 4 12 5 11 
115: 1 16 5 12 6 9 7 8 3 15 10 14 2 13 4 11 
116: 1 16 7 10 2 13 9 3 6 14 12 8 11 5 4 15 
117: 1 16 8 9 6 15 4 2 12 3 13 5 14 7 10 11 
118: 1 16 8 9 10 12 3 2 13 5 6 15 11 14 4 7 
119: 1 16 8 9 10 12 3 11 4 5 15 6 2 14 13 7 
120: 1 16 8 9 15 7 3 13 2 11 6 10 5 14 4 12 
121: 1 16 9 8 14 7 5 3 10 4 6 12 13 15 2 11 
122: 1 16 12 5 13 14 2 6 10 3 8 11 9 15 7 4 
123: 1 16 12 5 13 14 2 9 7 3 11 8 6 15 10 4 
124: 1 16 15 2 11 14 7 3 8 5 10 9 12 13 4 6 
125: 1 16 15 2 14 11 7 8 3 5 12 4 10 13 6 9 
126: 1 16 15 2 14 13 5 10 3 6 11 4 9 12 7 8 
127: 2 3 15 14 6 9 5 10 16 8 4 7 13 12 1 11 
128: 2 4 12 16 1 10 7 15 8 14 11 3 5 9 6 13 
129: 2 4 12 16 3 10 5 11 14 8 9 1 13 7 6 15 
130: 2 4 12 16 7 10 1 15 14 8 5 3 11 9 6 13 
131: 2 4 12 16 8 3 7 13 10 5 11 1 9 14 6 15 
132: 2 4 12 16 8 9 1 15 14 7 5 3 11 10 6 13 
133: 2 4 15 13 3 12 6 8 16 10 5 7 14 9 1 11 
134: 2 4 15 13 3 12 6 14 10 16 5 7 8 9 1 11 
135: 2 4 16 12 6 7 9 8 13 5 10 1 15 11 3 14 
136: 2 4 16 12 8 13 1 15 14 7 5 3 11 10 6 9 
137: 2 5 16 11 1 13 9 6 14 4 15 3 10 12 8 7 
138: 2 6 10 16 1 14 3 12 13 15 5 9 8 7 4 11 
139: 2 6 10 16 3 14 1 12 15 9 7 11 4 13 8 5 
140: 2 6 12 14 1 16 3 10 15 13 5 11 8 9 4 7 
141: 2 6 16 10 3 12 9 14 5 15 11 1 8 7 4 13 
142: 2 6 16 10 3 13 8 11 9 15 7 12 4 14 1 5 
143: 2 6 16 10 11 12 1 14 13 7 3 9 8 15 4 5 
144: 2 7 10 15 1 12 6 8 13 11 9 3 14 4 5 16 
145: 2 7 10 15 13 5 1 14 12 6 3 9 8 16 4 11 
146: 2 7 12 13 1 6 14 5 8 9 16 3 10 11 4 15 
147: 2 7 12 13 1 16 4 15 8 14 11 3 5 6 9 10 
148: 2 7 14 11 3 15 5 16 6 12 13 1 4 8 10 9 
149: 2 7 14 11 9 10 4 15 8 12 5 1 13 6 3 16 
150: 2 8 14 10 6 5 13 4 9 7 12 3 15 11 1 16 
151: 2 8 14 10 6 15 3 16 7 9 12 5 1 13 11 4 
152: 2 8 15 9 1 14 10 12 4 16 13 3 6 7 5 11 
153: 2 8 15 9 14 7 4 16 6 11 3 5 10 12 1 13 
154: 2 9 10 13 3 12 6 8 11 15 5 7 14 4 1 16 
155: 2 9 10 13 3 12 6 14 5 15 11 1 8 4 7 16 
156: 2 9 12 11 3 13 7 8 10 15 6 16 4 14 1 5 
157: 2 9 12 11 7 15 1 10 14 8 5 3 16 4 6 13 
158: 2 9 12 11 7 15 1 16 8 14 5 3 10 4 6 13 
159: 2 9 16 7 3 13 11 8 6 15 10 12 4 14 1 5 
160: 2 9 16 7 11 12 4 13 8 10 5 1 15 6 3 14 
161: 2 9 16 7 13 8 6 15 4 12 5 3 11 10 1 14 
162: 2 10 6 16 4 11 3 13 8 7 15 5 1 12 14 9 
163: 2 10 8 14 3 16 1 12 11 15 5 13 4 9 6 7 
164: 2 10 9 13 3 12 6 7 11 15 5 8 14 4 1 16 
165: 2 10 13 9 3 15 7 5 12 8 11 14 4 16 6 1 
166: 2 10 13 9 3 16 6 7 11 15 5 8 14 4 1 12 
167: 2 10 13 9 15 4 6 7 11 3 5 8 14 16 1 12 
168: 2 10 14 8 4 15 7 1 16 3 11 9 13 12 6 5 
169: 2 10 14 8 15 7 4 9 11 5 3 6 16 12 1 13 
170: 2 10 15 7 13 6 8 5 11 1 9 4 16 14 3 12 
171: 2 10 15 7 13 9 5 16 3 14 4 6 8 11 1 12 
172: 2 11 5 16 3 14 1 7 15 4 12 6 9 8 13 10 
173: 2 11 6 15 3 12 4 9 10 5 16 1 8 7 14 13 
174: 2 11 6 15 10 5 4 16 3 12 9 8 1 14 7 13 
175: 2 11 7 14 1 16 3 5 15 8 10 6 13 4 9 12 
176: 2 11 9 12 6 15 1 14 8 16 4 13 3 10 5 7 
177: 2 11 14 7 3 16 8 5 10 9 12 13 4 15 6 1 
178: 2 11 15 6 10 13 5 14 4 8 12 7 1 16 9 3 
179: 2 12 4 16 3 8 7 9 6 15 10 14 1 13 5 11 
180: 2 12 4 16 5 10 3 11 8 6 15 7 1 13 14 9 
181: 2 12 4 16 5 10 3 11 8 14 7 15 1 13 6 9 
182: 2 12 6 14 5 4 11 1 10 3 16 8 9 15 7 13 
183: 2 12 7 13 5 15 1 11 10 16 3 14 6 8 4 9 
184: 2 12 7 13 6 14 1 5 16 9 3 15 11 10 4 8 
185: 2 12 9 11 7 3 13 8 1 10 16 6 4 15 5 14 
186: 2 12 9 11 7 15 1 8 13 10 4 6 16 3 5 14 
187: 2 12 9 11 16 3 4 8 10 1 7 6 13 15 5 14 
188: 2 12 11 9 5 6 14 7 1 13 15 4 8 10 3 16 
189: 2 12 13 7 3 16 8 4 10 6 15 1 14 5 9 11 
190: 2 12 15 5 9 14 6 3 13 1 11 4 16 10 7 8 
191: 2 13 8 11 14 4 5 15 1 9 10 3 6 12 7 16 
192: 2 13 9 10 8 11 5 12 4 16 6 15 1 14 3 7 
193: 2 13 10 9 7 4 14 6 1 11 15 5 8 12 3 16 
194: 2 13 10 9 15 4 6 14 1 11 7 5 8 12 3 16 
195: 2 13 11 8 5 7 14 6 1 12 16 9 3 15 4 10 
196: 2 13 11 8 16 7 3 6 12 1 5 9 14 15 4 10 
197: 2 13 14 5 11 10 8 9 4 12 7 3 15 6 1 16 
198: 2 13 15 4 5 14 11 9 1 16 12 6 7 8 3 10 
199: 2 14 3 15 1 12 6 5 9 13 11 8 10 4 7 16 
200: 2 14 3 15 13 5 1 9 10 4 7 12 6 16 8 11 
201: 2 14 5 13 8 6 7 12 1 16 9 10 3 11 4 15 
202: 2 14 6 12 4 15 3 1 16 5 9 13 11 10 8 7 
203: 2 14 11 7 5 13 9 1 10 4 15 12 6 16 8 3 
204: 2 14 11 7 8 16 3 5 12 4 10 13 6 15 9 1 
205: 2 14 11 7 15 9 3 16 1 12 6 8 4 13 5 10 
206: 2 14 13 5 10 16 3 6 11 4 9 12 7 15 8 1 
207: 2 14 13 5 11 15 3 7 10 4 9 12 6 16 8 1 
208: 2 14 13 5 12 16 1 15 4 8 10 3 6 9 11 7 
209: 2 14 13 5 12 16 1 15 4 11 7 3 9 6 8 10 
210: 2 14 13 5 15 4 10 9 1 7 11 6 8 16 3 12 
211: 2 14 13 5 16 12 1 15 4 8 6 3 10 9 7 11 
212: 2 14 15 3 13 12 6 5 9 1 11 8 10 16 7 4 
213: 2 15 3 14 6 9 5 1 13 8 7 16 10 12 4 11 
214: 2 15 3 14 6 9 5 10 4 8 16 7 1 12 13 11 
215: 2 15 4 13 8 6 7 3 9 1 16 5 10 12 11 14 
216: 2 15 7 10 9 11 4 1 14 6 5 16 12 13 3 8 
217: 2 15 7 10 9 11 4 12 3 6 16 5 1 13 14 8 
218: 2 15 12 5 9 16 4 7 8 14 3 11 13 6 1 10 
219: 2 15 13 4 11 10 9 7 3 12 8 14 5 16 1 6 
220: 2 15 16 1 12 13 8 4 7 6 9 10 11 14 3 5 
221: 2 15 16 1 13 11 9 4 6 5 10 8 12 14 3 7 
222: 2 15 16 1 13 14 6 9 4 5 12 3 10 11 8 7 
223: 2 16 4 12 6 13 3 7 8 9 11 15 1 14 10 5 
224: 2 16 4 12 8 13 1 3 14 7 5 15 11 10 6 9 
225: 2 16 5 11 9 10 4 6 8 14 3 13 12 7 1 15 
226: 2 16 5 11 12 3 8 4 6 9 7 13 10 14 1 15 
227: 2 16 10 6 14 13 1 12 5 7 8 11 3 15 9 4 
228: 2 16 12 4 8 15 7 1 10 5 11 13 9 14 6 3 
229: 2 16 13 3 7 15 9 8 1 14 12 10 4 11 5 6 
230: 2 16 13 3 12 11 8 4 6 1 15 5 10 14 9 7 
231: 2 16 15 1 12 13 8 4 6 7 9 11 10 14 3 5 
232: 2 16 15 1 14 13 6 8 4 5 11 3 12 10 7 9 
233: 3 1 14 16 2 9 7 15 11 13 8 6 5 12 4 10 
234: 3 1 14 16 4 9 5 13 15 7 8 2 11 10 6 12 
235: 3 1 14 16 5 4 9 13 11 10 8 6 7 15 2 12 
236: 3 2 14 15 5 8 6 10 16 9 4 7 13 11 1 12 
237: 3 2 16 13 5 10 6 15 11 14 4 8 7 12 1 9 
238: 3 2 16 13 6 8 7 10 15 4 9 1 14 11 5 12 
239: 3 5 11 15 8 1 10 6 13 4 9 7 12 16 2 14 
240: 3 5 14 12 4 8 10 13 6 15 9 11 1 16 2 7 
241: 3 5 16 10 12 11 1 15 13 7 2 8 9 14 4 6 
242: 3 6 9 16 5 12 1 13 14 7 8 11 2 15 10 4 
243: 3 6 9 16 12 5 1 14 13 7 2 10 8 15 4 11 
244: 3 6 13 12 1 16 5 9 14 15 4 11 10 7 2 8 
245: 3 6 14 11 4 10 9 12 7 15 8 13 1 16 2 5 
246: 3 7 14 10 4 11 9 12 6 16 8 13 1 15 2 5 
247: 3 7 15 9 4 11 10 1 16 2 12 8 13 14 5 6 
248: 3 7 15 9 8 16 1 14 12 10 4 11 5 13 6 2 
249: 3 7 15 9 13 4 8 14 5 10 6 2 12 11 1 16 
250: 3 7 16 8 9 6 11 15 1 14 10 4 5 13 2 12 
251: 3 7 16 8 11 13 2 15 10 9 4 1 14 6 5 12 
252: 3 8 7 16 2 10 6 5 15 13 4 14 11 9 1 12 
253: 3 8 7 16 2 10 6 15 5 13 14 4 1 9 11 12 
254: 3 9 7 15 8 1 10 4 11 2 13 5 12 14 6 16 
255: 3 9 10 12 4 7 11 13 1 15 14 2 5 8 6 16 
256: 3 9 10 12 14 2 6 8 11 5 4 7 15 13 1 16 
257: 3 9 10 12 14 7 1 13 11 5 4 2 15 8 6 16 
258: 3 9 14 8 4 15 7 5 13 1 16 2 11 10 12 6 
259: 3 9 14 8 15 7 4 16 5 12 2 6 10 11 1 13 
260: 3 9 14 8 16 6 4 10 11 5 2 7 15 13 1 12 
261: 3 9 15 7 11 14 2 13 10 8 5 12 4 16 6 1 
262: 3 10 5 16 4 12 2 13 9 7 14 6 1 11 15 8 
263: 3 10 5 16 4 12 2 13 9 15 6 14 1 11 7 8 
264: 3 10 6 15 13 1 5 11 8 9 4 12 7 16 2 14 
265: 3 10 9 12 2 14 6 7 11 13 8 4 15 1 5 16 
266: 3 10 9 12 14 2 6 7 11 1 8 4 15 13 5 16 
267: 3 10 9 12 14 2 6 7 11 5 4 8 15 13 1 16 
268: 3 10 12 9 6 4 15 2 7 8 13 5 14 11 1 16 
269: 3 10 14 7 9 12 6 2 16 1 8 11 13 15 5 4 
270: 3 10 15 6 2 14 12 1 11 5 16 4 13 9 7 8 
271: 3 10 15 6 2 14 12 1 11 5 16 8 9 13 7 4 
272: 3 10 16 5 9 13 7 15 2 11 12 6 1 14 8 4 
273: 3 11 4 16 2 15 1 10 12 14 6 13 5 7 8 9 
274: 3 11 4 16 5 12 1 8 14 2 13 6 7 10 15 9 
275: 3 11 4 16 6 10 2 12 9 5 14 7 1 13 15 8 
276: 3 11 5 15 2 13 4 9 10 14 8 16 1 12 7 6 
277: 3 11 7 13 6 14 1 12 10 16 2 15 5 9 4 8 
278: 3 11 8 12 1 16 5 4 14 10 9 6 15 2 7 13 
279: 3 11 8 12 7 2 13 9 1 10 16 5 4 14 6 15 
280: 3 11 8 12 7 14 1 9 13 10 4 5 16 2 6 15 
281: 3 11 8 12 16 2 4 9 10 1 7 5 13 14 6 15 
282: 3 11 12 8 6 5 15 7 1 13 14 4 9 10 2 16 
283: 3 11 12 8 14 5 7 15 1 13 6 4 9 10 2 16 
284: 3 11 16 4 5 10 15 6 2 14 13 8 7 12 1 9 
285: 3 12 6 13 15 1 5 9 8 7 4 10 11 14 2 16 
286: 3 12 9 10 6 14 4 13 5 15 8 2 11 1 7 16 
287: 3 12 10 9 8 16 1 14 7 6 13 5 2 11 15 4 
288: 3 12 10 9 8 16 1 14 7 15 4 5 11 2 6 13 
289: 3 12 11 8 4 16 6 1 15 5 10 14 9 13 7 2 
290: 3 12 11 8 14 7 5 16 1 13 6 10 2 15 4 9 
291: 3 12 13 6 16 5 7 14 1 9 8 2 10 11 4 15 
292: 3 13 2 16 4 9 5 1 15 7 8 14 11 10 6 12 
293: 3 13 2 16 7 10 1 5 15 8 4 14 11 9 6 12 
294: 3 13 2 16 8 4 6 10 5 7 14 9 1 15 11 12 
295: 3 13 2 16 8 9 1 5 15 7 4 14 11 10 6 12 
296: 3 13 6 12 4 16 2 14 5 15 10 9 1 7 11 8 
297: 3 13 6 12 7 14 1 5 15 10 2 16 11 9 4 8 
298: 3 13 10 8 7 4 15 5 1 12 14 6 9 11 2 16 
299: 3 13 12 6 5 14 9 1 11 8 10 16 7 15 4 2 
300: 3 13 14 4 8 15 7 5 9 1 16 2 11 10 12 6 
301: 3 13 16 2 11 15 6 10 5 14 4 8 12 7 1 9 
302: 3 13 16 2 14 11 7 5 9 1 10 4 15 12 6 8 
303: 3 14 1 16 5 7 6 2 12 4 13 8 11 9 10 15 
304: 3 14 1 16 10 6 2 7 11 9 4 15 8 12 5 13 
305: 3 14 2 15 5 8 6 1 13 9 7 16 10 11 4 12 
306: 3 14 2 15 5 8 6 10 4 9 16 7 1 11 13 12 
307: 3 14 11 6 8 15 5 2 13 1 12 4 16 7 10 9 
308: 3 14 11 6 8 16 4 7 9 15 2 12 13 5 1 10 
309: 3 14 13 4 6 16 8 11 1 15 12 9 2 10 7 5 
310: 3 15 4 12 6 14 2 10 7 13 8 5 11 1 9 16 
311: 3 15 4 12 9 2 11 7 1 10 14 8 5 13 6 16 
312: 3 15 5 11 10 9 4 7 8 14 2 12 13 6 1 16 
313: 3 15 6 10 14 8 2 13 4 5 11 9 1 16 12 7 
314: 3 15 7 9 10 11 4 13 2 16 6 14 1 12 5 8 
315: 3 15 11 5 13 14 2 16 1 12 8 4 6 7 9 10 
316: 3 15 12 4 11 9 10 7 2 13 8 5 14 6 1 16 
317: 3 15 12 4 11 14 5 1 13 2 8 9 16 10 6 7 
318: 3 15 14 2 16 12 4 8 7 1 10 5 11 13 9 6 
319: 3 16 1 14 7 11 2 4 12 6 9 8 13 5 10 15 
320: 3 16 1 14 12 6 2 9 7 11 4 13 8 10 5 15 
321: 3 16 8 7 9 6 12 5 1 13 11 14 4 15 2 10 
322: 3 16 8 7 11 14 2 15 1 13 9 4 6 5 10 12 
323: 3 16 10 5 13 14 2 15 1 12 8 4 7 6 9 11 
324: 3 16 14 1 12 15 6 8 4 13 5 11 10 9 2 7 
325: 4 1 15 14 5 7 8 9 16 3 10 2 13 12 6 11 
326: 4 1 15 14 6 9 5 16 12 13 3 7 8 11 2 10 
327: 4 2 13 15 8 5 6 10 16 1 9 3 12 14 7 11 
328: 4 2 13 15 8 5 6 10 16 7 3 9 12 14 1 11 
329: 4 2 16 12 3 6 13 5 14 7 10 8 11 15 1 9 
330: 4 2 16 12 8 5 9 10 13 7 6 3 15 11 1 14 
331: 4 2 16 12 8 11 3 14 15 5 6 1 13 9 7 10 
332: 4 3 15 12 2 9 11 6 14 10 8 13 7 16 1 5 
333: 4 3 16 11 9 12 2 15 14 6 5 1 13 8 7 10 
334: 4 5 9 16 2 10 6 8 15 14 3 11 12 7 1 13 
335: 4 5 10 15 6 11 2 14 13 8 7 12 1 16 9 3 
336: 4 5 10 15 11 1 7 14 8 3 12 2 6 16 9 13 
337: 4 5 13 12 3 9 10 11 8 16 7 14 2 15 1 6 
338: 4 5 14 11 2 8 13 9 7 15 10 3 12 6 1 16 
339: 4 5 14 11 2 15 6 10 13 16 3 12 9 8 1 7 
340: 4 5 14 11 3 8 12 2 15 7 9 13 10 16 1 6 
341: 4 5 14 11 3 8 12 10 7 15 9 13 2 16 1 6 
342: 4 5 14 11 9 13 1 16 12 6 7 8 3 15 10 2 
343: 4 6 8 16 3 10 5 9 14 15 2 12 11 7 1 13 
344: 4 6 8 16 3 14 1 15 12 9 10 2 7 5 13 11 
345: 4 6 16 8 11 14 1 15 12 9 2 10 7 13 5 3 
346: 4 6 16 8 14 9 3 13 12 7 1 5 15 10 2 11 
347: 4 7 8 15 13 5 1 10 16 2 3 9 12 14 6 11 
348: 4 7 8 15 13 5 1 16 10 2 9 3 6 14 12 11 
349: 4 7 10 13 11 9 1 14 12 8 3 2 15 5 6 16 
350: 4 7 10 13 12 8 1 15 11 9 2 3 14 6 5 16 
351: 4 7 14 9 15 8 2 12 13 5 1 11 10 16 3 6 
352: 4 7 15 8 14 9 3 11 13 6 1 12 10 16 2 5 
353: 4 7 15 8 14 10 2 12 13 6 1 5 16 9 3 11 
354: 4 8 6 16 7 10 1 12 13 3 11 9 2 15 14 5 
355: 4 8 7 15 13 5 1 9 16 2 3 10 12 14 6 11 
356: 4 8 10 12 7 14 1 16 9 15 3 13 2 11 6 5 
357: 4 8 12 10 1 16 7 6 13 15 5 9 14 3 2 11 
358: 4 8 12 10 2 13 9 3 14 7 11 15 5 16 6 1 
359: 4 8 12 10 2 15 7 14 5 11 16 3 1 9 13 6 
360: 4 8 12 10 3 15 6 9 11 13 7 16 2 14 5 1 
361: 4 8 12 10 14 1 9 15 2 7 11 3 5 16 6 13 
362: 4 8 15 7 1 16 10 5 11 13 9 14 6 12 3 2 
363: 4 8 15 7 5 13 9 1 16 2 11 10 12 14 6 3 
364: 4 8 15 7 12 14 1 16 9 10 3 2 13 5 6 11 
365: 4 8 16 6 3 15 10 9 7 13 11 12 2 14 5 1 
366: 4 9 5 16 7 10 1 11 13 2 12 8 3 14 15 6 
367: 4 9 10 11 5 15 3 6 16 12 1 14 13 7 2 8 
368: 4 9 11 10 1 16 7 5 13 14 6 8 15 2 3 12 
369: 4 9 11 10 5 3 16 1 8 7 14 6 13 12 2 15 
370: 4 9 11 10 14 2 8 16 1 12 7 5 6 13 3 15 
371: 4 9 15 6 3 12 13 11 1 14 16 2 5 8 7 10 
372: 4 9 15 6 8 13 7 16 2 10 14 3 1 12 11 5 
373: 4 10 5 15 7 3 9 2 13 8 6 12 14 11 1 16 
374: 4 10 5 15 9 2 8 3 13 1 11 6 14 12 7 16 
375: 4 10 6 14 8 3 9 2 13 1 12 5 15 11 7 16 
376: 4 10 9 11 5 16 2 7 15 13 1 14 12 6 3 8 
377: 4 10 9 11 14 7 2 6 16 1 3 12 13 15 5 8 
378: 4 11 3 16 5 6 7 1 15 2 12 8 13 10 9 14 
379: 4 11 3 16 12 5 1 8 14 2 6 7 13 10 9 15 
380: 4 11 5 14 3 16 1 7 15 10 6 8 13 2 9 12 
381: 4 11 9 10 7 15 2 13 8 5 14 6 1 12 16 3 
382: 4 11 9 10 7 15 2 13 8 16 3 6 12 1 5 14 
383: 4 11 10 9 7 15 3 12 8 14 5 16 1 13 6 2 
384: 4 11 12 7 3 15 9 6 8 13 10 16 2 14 5 1 
385: 4 11 14 5 1 15 13 2 8 9 16 10 6 12 7 3 
386: 4 11 14 5 13 10 6 15 2 16 3 7 9 8 1 12 
387: 4 12 2 16 6 5 7 1 14 3 11 9 13 10 8 15 
388: 4 12 3 15 6 11 2 7 13 1 14 5 8 9 16 10 
389: 4 12 7 11 2 15 6 3 13 9 10 5 16 1 8 14 
390: 4 12 11 7 3 9 15 6 1 14 16 10 2 13 5 8 
391: 4 12 11 7 16 9 2 6 14 1 3 10 15 13 5 8 
392: 4 12 13 5 3 15 11 10 1 16 14 8 2 9 7 6 
393: 4 12 15 3 6 9 16 5 1 13 14 7 8 11 2 10 
394: 4 12 15 3 10 14 7 9 6 2 16 1 8 11 13 5 
395: 4 12 16 2 14 15 3 13 6 5 9 1 11 8 10 7 
396: 4 13 2 15 5 11 3 12 6 16 7 14 1 9 8 10 
397: 4 13 9 8 10 11 5 1 15 6 3 16 14 12 2 7 
398: 4 13 9 8 10 11 5 14 2 6 16 3 1 12 15 7 
399: 4 13 12 5 11 8 10 9 2 14 7 15 3 16 1 6 
400: 4 13 12 5 15 6 8 2 11 1 7 9 16 14 3 10 
401: 4 13 14 3 10 16 5 9 7 15 2 11 12 6 1 8 
402: 4 13 15 2 16 10 6 14 1 12 5 7 8 11 3 9 
403: 4 14 5 11 3 8 12 2 6 16 9 13 10 7 1 15 
404: 4 14 5 11 3 13 7 1 12 10 9 8 16 2 6 15 
405: 4 14 5 11 9 8 6 2 12 10 3 13 16 7 1 15 
406: 4 14 5 11 9 13 1 7 12 10 3 8 16 2 6 15 
407: 4 14 5 11 10 1 12 2 6 3 15 9 8 16 7 13 
408: 4 14 5 11 10 7 6 2 12 9 3 13 16 8 1 15 
409: 4 14 6 10 9 12 3 1 16 2 7 15 11 13 8 5 
410: 4 14 10 6 8 5 15 2 3 11 12 7 13 9 1 16 
411: 4 14 11 5 10 13 6 2 12 3 9 15 8 16 7 1 
412: 4 14 13 3 10 15 6 2 12 1 11 5 16 8 9 7 
413: 4 14 15 1 12 16 5 13 2 9 11 3 7 8 10 6 
414: 4 14 15 1 16 12 5 13 2 6 10 3 8 11 9 7 
415: 4 14 15 1 16 12 5 13 2 9 7 3 11 8 6 10 
416: 4 15 6 9 8 16 1 7 11 5 10 3 14 2 13 12 
417: 4 15 7 8 12 9 5 1 13 6 3 14 16 10 2 11 
418: 4 15 7 8 14 1 11 3 5 6 9 12 10 16 2 13 
419: 4 15 9 6 14 13 1 16 2 11 7 3 8 5 10 12 
420: 4 15 10 5 9 6 14 3 2 12 11 7 13 8 1 16 
421: 4 15 13 2 8 14 10 6 3 16 7 9 12 5 1 11 
422: 4 16 1 13 2 10 9 3 6 14 12 11 8 5 7 15 
423: 4 16 1 13 3 12 6 7 5 15 11 14 2 8 9 10 
424: 4 16 1 13 9 5 7 3 8 2 15 10 6 14 12 11 
425: 4 16 1 13 12 7 2 6 10 3 9 14 5 15 11 8 
426: 4 16 8 6 11 14 3 5 10 12 1 15 13 7 2 9 
427: 4 16 8 6 13 14 1 7 10 2 9 3 15 5 12 11 
428: 4 16 8 6 13 14 1 15 2 10 9 3 7 5 12 11 
429: 4 16 8 6 15 12 1 14 3 9 7 11 2 13 10 5 
430: 4 16 9 5 12 15 2 6 10 11 1 14 13 7 3 8 
431: 4 16 9 5 13 15 1 10 7 6 8 2 14 3 11 12 
432: 4 16 11 3 12 10 9 8 1 14 7 6 13 5 2 15 
433: 4 16 13 1 15 11 7 3 8 2 9 10 12 14 6 5 
434: 4 16 13 1 15 12 6 7 5 3 11 2 14 8 9 10 
435: 5 1 13 15 6 10 3 16 14 12 2 9 7 11 4 8 
436: 5 1 13 15 7 4 8 14 11 10 6 2 12 9 3 16 
437: 5 1 15 13 2 11 8 9 16 10 6 12 7 14 3 4 
438: 5 1 15 13 6 12 3 14 16 10 2 7 11 9 4 8 
439: 5 1 15 13 8 6 7 16 10 12 4 3 11 9 2 14 
440: 5 2 14 13 1 8 12 4 16 7 10 11 9 15 3 6 
441: 5 3 10 16 4 8 6 12 13 15 2 9 11 7 1 14 
442: 5 3 12 14 1 9 10 6 15 2 16 4 8 13 11 7 
443: 5 3 15 11 2 7 14 4 13 9 10 12 8 16 1 6 
444: 5 3 15 11 2 7 14 8 9 13 10 12 4 16 1 6 
445: 5 3 15 11 4 7 12 6 13 1 16 2 10 14 9 8 
446: 5 3 15 11 4 7 12 10 9 13 8 2 14 6 1 16 
447: 5 3 15 11 9 8 6 12 13 10 2 4 16 7 1 14 
448: 5 3 15 11 10 7 6 12 13 9 2 4 16 8 1 14 
449: 5 3 15 11 10 7 6 16 9 13 2 4 12 8 1 14 
450: 5 3 15 11 10 12 1 16 14 8 2 9 7 13 6 4 
451: 5 3 16 10 4 14 6 12 13 15 2 9 11 7 1 8 
452: 5 4 11 14 10 1 9 6 15 2 7 8 13 16 3 12 
453: 5 4 12 13 2 8 11 3 16 1 15 6 10 14 9 7 
454: 5 4 14 11 8 13 2 12 16 3 7 9 6 15 10 1 
455: 5 6 7 16 2 15 1 13 14 10 8 4 9 3 12 11 
456: 5 6 14 9 12 3 10 16 2 7 13 1 4 15 8 11 
457: 5 7 8 14 4 15 1 10 16 12 2 9 13 3 6 11 
458: 5 7 8 14 9 10 1 15 11 2 12 4 3 13 16 6 
459: 5 7 8 14 9 10 1 15 11 12 2 4 13 3 6 16 
460: 5 7 9 13 6 3 12 4 11 2 15 1 14 10 8 16 
461: 5 7 12 10 2 14 8 4 15 1 16 3 11 9 13 6 
462: 5 7 14 8 4 13 9 15 3 11 16 2 1 10 12 6 
463: 5 7 14 8 9 16 1 15 11 12 2 4 13 3 6 10 
464: 5 7 14 8 11 12 3 15 9 10 4 13 2 16 6 1 
465: 5 8 6 15 7 2 10 4 12 1 14 3 13 11 9 16 
466: 5 8 7 14 4 15 1 9 16 12 2 10 13 3 6 11 
467: 5 8 7 14 4 15 1 13 12 16 2 10 9 3 6 11 
468: 5 8 7 14 16 3 1 13 12 4 2 10 9 15 6 11 
469: 5 8 14 7 15 2 10 12 4 9 6 3 13 11 1 16 
470: 5 8 15 6 10 2 16 7 3 9 12 4 11 13 1 14 
471: 5 9 4 16 2 13 3 10 12 14 6 7 11 1 8 15 
472: 5 9 4 16 14 1 3 10 12 2 6 7 11 13 8 15 
473: 5 9 6 14 3 15 2 12 11 7 13 8 1 10 16 4 
474: 5 9 6 14 3 15 2 12 11 16 4 8 10 1 7 13 
475: 5 9 6 14 15 1 4 11 10 7 2 13 8 16 3 12 
476: 5 9 6 14 15 3 2 12 11 7 1 8 13 10 4 16 
477: 5 9 12 8 7 15 4 10 11 14 2 6 16 1 3 13 
478: 5 9 13 7 15 10 2 11 12 6 1 14 8 16 4 3 
479: 5 9 14 6 3 12 13 1 11 4 16 2 15 7 8 10 
480: 5 9 14 6 3 12 13 1 11 4 16 10 7 15 8 2 
481: 5 9 14 6 12 3 13 10 2 4 16 1 7 15 8 11 
482: 5 9 16 4 3 15 12 2 11 6 14 10 8 13 7 1 
483: 5 9 16 4 7 15 8 14 3 11 13 6 1 12 10 2 
484: 5 10 3 16 1 9 8 2 14 4 15 6 11 7 12 13 
485: 5 10 3 16 8 6 4 7 13 12 1 15 11 9 2 14 
486: 5 10 3 16 12 4 2 7 15 1 6 8 13 11 9 14 
487: 5 10 13 6 2 14 12 3 9 15 8 16 7 11 1 4 
488: 5 10 13 6 2 14 12 11 1 15 16 4 3 7 9 8 
489: 5 10 15 4 8 6 16 7 1 12 13 3 11 9 2 14 
490: 5 10 16 3 6 14 11 4 9 12 7 15 8 13 1 2 
491: 5 11 2 16 3 6 9 1 13 4 14 7 12 8 10 15 
492: 5 11 2 16 3 14 1 9 13 12 6 15 4 8 10 7 
493: 5 11 3 15 7 2 10 4 9 12 6 16 8 13 1 14 
494: 5 11 4 14 8 3 9 1 13 7 6 12 15 10 2 16 
495: 5 11 4 14 10 1 9 8 6 2 16 3 7 13 12 15 
496: 5 11 8 10 9 1 14 2 7 3 15 4 13 12 6 16 
497: 5 11 8 10 9 13 2 14 7 15 3 16 1 12 6 4 
498: 5 11 10 8 9 13 4 12 7 3 15 6 1 14 16 2 
499: 5 11 10 8 9 13 4 12 7 16 2 6 14 1 3 15 
500: 5 11 14 4 16 13 1 15 7 3 8 2 9 10 12 6 
501: 5 11 15 3 7 14 10 4 9 12 6 16 8 13 1 2 
502: 5 12 1 16 4 8 6 3 13 2 15 9 7 11 14 10 
503: 5 12 13 4 14 6 10 9 3 1 16 2 7 15 11 8 
504: 5 12 13 4 16 8 6 15 1 14 3 9 7 11 2 10 
505: 5 12 15 2 6 16 10 11 1 14 13 7 3 9 8 4 
506: 5 12 16 1 15 14 4 8 10 3 6 9 11 13 7 2 
507: 5 12 16 1 15 14 4 11 7 3 9 6 8 13 10 2 
508: 5 13 1 15 3 4 12 2 7 8 16 10 6 11 9 14 
509: 5 13 1 15 7 4 8 2 11 10 6 14 12 9 3 16 
510: 5 13 2 14 4 15 1 9 11 7 12 10 3 8 16 6 
511: 5 13 2 14 16 3 1 12 8 4 6 7 9 11 10 15 
512: 5 13 9 7 4 12 11 2 8 6 16 1 15 3 10 14 
513: 5 13 10 6 4 8 16 2 3 15 12 9 11 7 1 14 
514: 5 13 10 6 15 11 2 16 3 7 9 8 1 14 12 4 
515: 5 13 12 4 9 15 6 8 7 16 2 10 14 3 1 11 
516: 5 13 14 2 6 16 10 3 8 11 9 15 7 12 4 1 
517: 5 13 14 2 9 12 11 3 7 8 10 15 6 16 4 1 
518: 5 13 14 2 9 16 7 3 11 8 6 15 10 12 4 1 
519: 5 13 14 2 15 16 1 12 8 4 7 6 9 10 11 3 
520: 5 13 14 2 16 4 12 6 3 7 8 9 11 15 1 10 
521: 5 13 14 2 16 15 1 12 8 4 6 7 9 11 10 3 
522: 5 13 15 1 10 16 7 6 8 2 14 3 11 9 12 4 
523: 5 14 7 8 2 15 9 1 10 6 16 4 13 3 12 11 
524: 5 14 8 7 6 12 9 1 10 3 15 2 16 4 11 13 
525: 5 14 11 4 8 10 12 7 1 16 9 15 3 13 2 6 
526: 5 14 11 4 12 15 3 10 7 9 6 2 16 1 8 13 
527: 5 14 13 2 6 10 16 3 1 12 15 9 7 11 4 8 
528: 5 15 3 11 1 14 8 4 7 10 16 12 2 9 13 6 
529: 5 15 3 11 1 14 8 7 4 16 13 12 2 6 10 9 
530: 5 15 3 11 10 7 6 4 9 13 2 16 12 8 1 14 
531: 5 15 3 11 14 7 2 8 9 1 10 12 4 16 13 6 
532: 5 15 4 10 9 14 1 7 11 6 8 16 3 13 12 2 
533: 5 15 6 8 2 13 11 1 7 9 16 14 3 12 10 4 
534: 5 15 8 6 11 14 3 7 9 4 10 1 16 2 12 13 
535: 5 15 12 2 10 14 8 4 7 1 16 3 11 9 13 6 
536: 5 15 13 1 9 14 10 3 6 12 7 8 16 4 2 11 
537: 5 16 1 12 8 11 3 2 13 6 7 10 15 4 9 14 
538: 5 16 1 12 13 6 3 7 8 11 2 15 10 9 4 14 
539: 5 16 7 6 12 3 13 1 4 8 10 14 9 15 2 11 
540: 5 16 7 6 12 15 1 9 8 4 10 2 13 3 14 11 
541: 5 16 7 6 12 15 1 13 4 8 10 2 9 3 14 11 
542: 5 16 10 3 14 13 4 6 8 11 1 15 12 9 2 7 
543: 5 16 12 1 13 14 6 10 2 15 4 11 9 7 3 8 
544: 5 16 12 1 15 14 4 8 6 3 10 9 7 13 11 2 
545: 6 1 12 15 5 4 10 14 9 13 7 11 2 16 3 8 
546: 6 1 14 13 9 5 7 16 10 11 4 2 12 8 3 15 
547: 6 2 10 16 1 9 8 11 13 15 5 14 4 12 3 7 
548: 6 2 10 16 3 8 7 13 12 4 15 1 5 11 14 9 
549: 6 2 14 12 1 10 11 5 16 4 13 9 7 15 8 3 
550: 6 2 14 12 1 10 11 5 16 8 9 13 7 15 4 3 
551: 6 2 14 12 3 10 9 15 8 16 7 11 1 13 4 5 
552: 6 2 14 12 4 5 13 8 11 9 10 1 15 7 3 16 
553: 6 2 14 12 9 10 3 13 16 4 5 1 15 7 8 11 
554: 6 2 14 12 9 10 3 13 16 8 1 5 15 7 4 11 
555: 6 2 14 12 10 9 3 13 16 7 1 5 15 8 4 11 
556: 6 2 14 12 11 10 1 15 16 4 3 7 9 13 8 5 
557: 6 3 10 15 9 2 8 16 7 5 13 1 4 14 11 12 
558: 6 3 10 15 11 7 1 16 14 5 4 2 12 8 9 13 
559: 6 3 11 14 1 7 12 4 15 2 16 5 9 13 10 8 
560: 6 3 12 13 1 9 11 4 16 2 15 7 8 14 10 5 
561: 6 3 12 13 1 9 11 4 16 10 7 15 8 14 2 5 
562: 6 3 12 13 2 4 15 9 7 11 14 1 10 8 5 16 
563: 6 3 12 13 9 2 10 5 16 1 8 7 14 15 4 11 
564: 6 3 12 13 11 9 1 14 16 2 5 8 7 15 10 4 
565: 6 3 13 12 2 4 16 8 7 14 11 5 10 9 1 15 
566: 6 3 15 10 9 8 7 13 11 12 2 14 5 16 1 4 
567: 6 4 8 16 2 13 3 15 12 9 11 7 1 10 14 5 
568: 6 4 14 10 1 8 15 3 12 5 16 2 13 9 7 11 
569: 6 4 15 9 10 13 2 12 16 5 3 11 8 14 7 1 
570: 6 4 15 9 11 2 12 5 13 3 7 8 14 16 1 10 
571: 6 4 15 9 13 10 2 16 12 8 1 3 14 7 5 11 
572: 6 4 16 8 3 12 11 5 14 2 15 1 13 9 10 7 
573: 6 5 8 15 3 4 12 1 16 2 13 9 11 14 7 10 
574: 6 5 8 15 13 2 4 14 11 3 7 1 12 10 9 16 
575: 6 5 8 15 13 2 4 14 11 9 1 7 12 10 3 16 
576: 6 5 13 10 8 4 12 14 3 16 7 11 2 15 1 9 
577: 6 5 14 9 1 13 11 8 10 16 7 15 4 12 2 3 
578: 6 5 14 9 13 1 11 8 10 4 7 3 16 12 2 15 
579: 6 7 5 16 1 14 3 9 15 8 10 4 11 2 13 12 
580: 6 7 8 13 10 2 9 3 15 5 4 11 16 12 1 14 
581: 6 7 10 11 1 14 8 4 15 13 5 9 16 2 3 12 
582: 6 7 10 11 3 15 5 8 14 16 1 13 12 4 2 9 
583: 6 7 10 11 5 14 4 8 15 13 1 9 16 2 3 12 
584: 6 7 10 11 13 2 8 4 15 1 5 9 16 14 3 12 
585: 6 7 10 11 15 3 5 8 14 4 1 9 16 12 2 13 
586: 6 7 10 11 15 3 5 8 14 4 1 13 12 16 2 9 
587: 6 7 12 9 11 4 10 2 15 3 5 13 14 16 1 8 
588: 6 7 12 9 11 4 10 14 3 15 5 13 2 16 1 8 
589: 6 7 16 5 3 15 11 2 14 4 13 9 10 12 8 1 
590: 6 7 16 5 3 15 11 2 14 8 9 13 10 12 4 1 
591: 6 7 16 5 15 3 11 14 2 8 9 1 10 12 4 13 
592: 6 8 4 16 1 12 5 11 10 9 14 2 7 3 15 13 
593: 6 8 4 16 10 3 5 7 14 9 1 15 11 12 2 13 
594: 6 8 5 15 2 14 3 11 12 7 13 9 1 10 16 4 
595: 6 8 5 15 2 14 3 11 12 16 4 9 10 1 7 13 
596: 6 8 5 15 14 2 3 11 12 7 1 9 13 10 4 16 
597: 6 8 7 13 2 10 9 5 12 16 4 11 14 3 1 15 
598: 6 8 7 13 11 1 9 3 14 4 5 10 16 12 2 15 
599: 6 8 9 11 5 14 4 7 15 13 1 10 16 2 3 12 
600: 6 8 9 11 15 3 5 7 14 4 1 10 16 12 2 13 
601: 6 8 13 7 16 9 2 10 14 3 1 12 11 15 5 4 
602: 6 8 15 5 2 14 13 1 12 4 16 7 10 11 9 3 
603: 6 8 16 4 5 14 11 3 12 2 15 7 9 13 10 1 
604: 6 8 16 4 5 14 11 3 12 10 7 15 9 13 2 1 
605: 6 8 16 4 7 14 9 15 2 12 13 5 1 11 10 3 
606: 6 8 16 4 13 12 5 11 10 9 2 14 7 15 3 1 
607: 6 9 4 15 5 13 1 14 10 8 11 2 7 3 16 12 
608: 6 9 8 11 2 14 7 5 13 3 16 1 12 4 15 10 
609: 6 9 8 11 13 3 7 16 2 14 5 12 1 15 4 10 
610: 6 9 12 7 1 16 10 2 13 5 15 3 14 4 11 8 
611: 6 9 12 7 13 4 10 14 1 5 15 3 2 16 11 8 
612: 6 9 15 4 5 13 12 3 10 11 8 16 7 14 2 1 
613: 6 10 2 16 1 8 9 3 12 14 7 13 11 5 4 15 
614: 6 10 2 16 7 8 3 9 12 4 11 13 1 15 14 5 
615: 6 10 2 16 7 8 3 9 12 14 1 13 11 5 4 15 
616: 6 10 2 16 9 5 4 7 13 11 1 14 12 8 3 15 
617: 6 10 5 13 16 2 3 12 9 8 1 14 7 15 4 11 
618: 6 10 13 5 7 8 14 9 1 15 11 2 12 4 3 16 
619: 6 10 13 5 14 11 4 8 12 7 1 16 9 15 3 2 
620: 6 10 14 4 9 5 16 7 1 11 13 2 12 8 3 15 
621: 6 10 16 2 15 13 4 11 9 7 3 12 8 14 5 1 
622: 6 11 8 9 1 10 14 4 5 13 15 3 12 2 7 16 
623: 6 11 14 3 5 16 10 12 1 15 13 7 2 8 9 4 
624: 6 11 14 3 7 15 9 4 10 1 16 2 12 8 13 5 
625: 6 12 1 15 3 14 2 4 16 8 7 13 10 5 11 9 
626: 6 12 1 15 10 7 2 4 16 3 5 11 14 8 9 13 
627: 6 12 2 14 11 8 1 5 16 3 4 10 15 7 9 13 
628: 6 12 3 13 1 16 4 8 10 14 9 15 2 7 11 5 
629: 6 12 3 13 9 10 2 4 16 8 1 15 14 7 5 11 
630: 6 12 3 13 10 9 2 4 16 1 7 15 8 14 11 5 
631: 6 12 3 13 10 9 2 4 16 7 1 15 14 8 5 11 
632: 6 12 3 13 15 4 2 9 11 7 1 10 14 8 5 16 
633: 6 12 3 13 15 4 2 9 11 7 1 16 8 14 5 10 
634: 6 12 9 7 8 3 16 4 2 13 11 14 5 15 1 10 
635: 6 12 9 7 14 10 3 15 4 11 5 1 13 2 8 16 
636: 6 12 13 3 15 14 2 16 4 8 7 1 10 5 11 9 
637: 6 12 15 1 9 16 8 4 10 2 13 3 14 7 11 5 
638: 6 12 15 1 13 16 4 8 10 2 9 3 14 7 11 5 
639: 6 13 7 8 5 11 10 2 9 4 16 1 15 3 12 14 
640: 6 13 10 5 7 14 8 4 9 15 3 11 16 2 1 12 
641: 6 13 10 5 11 14 4 16 1 15 7 3 8 2 9 12 
642: 6 13 12 3 11 5 15 2 4 9 10 14 8 16 1 7 
643: 6 13 14 1 7 16 10 2 9 3 15 5 12 8 11 4 
644: 6 13 14 1 15 16 2 10 9 3 7 5 12 8 11 4 
645: 6 14 2 12 1 10 11 5 4 16 13 9 7 3 8 15 
646: 6 14 2 12 8 3 11 5 4 7 15 13 1 16 10 9 
647: 6 14 2 12 9 10 3 1 16 4 5 13 15 7 8 11 
648: 6 14 2 12 11 3 8 5 7 1 15 10 4 16 13 9 
649: 6 14 4 10 9 8 7 2 11 1 13 3 16 5 12 15 
650: 6 14 4 10 16 3 5 7 8 9 1 15 11 12 2 13 
651: 6 14 9 5 7 12 10 2 8 4 15 1 16 3 11 13 
652: 6 14 9 5 15 3 11 1 8 4 7 10 16 12 2 13 
653: 6 14 9 5 15 12 2 10 8 4 7 1 16 3 11 13 
654: 6 14 13 1 11 15 7 5 8 12 3 10 16 4 2 9 
655: 6 14 13 1 12 16 5 7 8 11 3 15 9 10 4 2 
656: 6 14 13 1 16 15 2 11 7 3 8 5 10 9 12 4 
657: 6 15 2 11 7 12 4 1 14 5 8 9 16 3 10 13 
658: 6 15 2 11 14 5 4 8 7 12 1 16 9 10 3 13 
659: 6 15 3 10 12 8 4 14 1 16 5 13 2 9 7 11 
660: 6 15 3 10 14 9 1 13 5 4 11 8 2 12 16 7 
661: 6 15 4 9 11 13 1 16 2 14 7 8 3 5 12 10 
662: 6 15 8 5 13 2 14 4 1 9 11 7 12 10 3 16 
663: 6 15 9 4 8 12 10 2 7 14 5 11 16 3 1 13 
664: 6 15 9 4 12 13 5 3 11 10 1 16 14 8 2 7 
665: 6 15 10 3 9 14 8 4 7 5 13 1 16 2 11 12 
666: 6 15 10 3 13 14 4 8 7 5 9 1 16 2 11 12 
667: 6 15 11 2 16 13 3 7 9 8 1 14 12 10 4 5 
668: 6 15 12 1 14 16 3 9 7 11 2 13 10 8 5 4 
669: 6 16 2 10 8 15 1 3 14 5 7 11 13 4 12 9 
670: 6 16 3 9 10 2 13 1 4 5 15 11 7 14 8 12 
671: 6 16 3 9 13 2 10 7 1 5 15 8 4 14 11 12 
672: 6 16 3 9 13 10 2 4 12 8 1 15 14 7 5 11 
673: 6 16 4 8 3 12 11 5 2 14 15 13 1 9 10 7 
674: 6 16 4 8 11 12 3 13 2 14 7 5 9 1 10 15 
675: 6 16 4 8 13 12 1 3 14 2 5 11 15 7 10 9 
676: 6 16 4 8 13 12 1 15 2 14 5 11 3 7 10 9 
677: 6 16 5 7 14 12 1 9 8 2 10 11 4 13 15 3 
678: 6 16 8 4 14 15 1 12 5 13 2 9 11 3 7 10 
679: 7 1 10 16 3 4 11 9 13 12 6 14 5 15 2 8 
680: 7 1 11 15 2 5 12 8 13 10 9 3 14 6 4 16 
681: 7 1 11 15 3 4 12 5 16 2 13 6 10 14 8 9 
682: 7 1 11 15 10 5 4 16 13 2 9 3 6 14 12 8 
683: 7 1 12 14 3 6 11 9 13 10 8 2 15 5 4 16 
684: 7 1 14 12 10 3 9 8 16 2 6 5 15 13 4 11 
685: 7 1 16 10 2 9 13 5 15 3 14 4 11 12 8 6 
686: 7 1 16 10 5 8 11 13 9 14 6 12 3 15 2 4 
687: 7 2 14 11 1 9 13 3 16 5 12 4 15 8 6 10 
688: 7 3 8 16 4 2 12 13 6 9 15 5 1 14 10 11 
689: 7 3 8 16 12 4 2 14 15 1 6 5 9 13 11 10 
690: 7 3 9 15 4 2 13 12 6 8 16 1 5 11 10 14 
691: 7 3 9 15 6 12 1 14 16 10 2 13 5 11 8 4 
692: 7 3 10 14 2 6 12 4 15 1 16 5 9 13 11 8 
693: 7 3 13 11 8 9 6 15 10 12 4 14 1 16 5 2 
694: 7 3 15 9 1 8 16 5 10 12 11 4 14 6 2 13 
695: 7 3 15 9 6 11 8 13 10 16 2 14 5 12 1 4 
696: 7 3 16 8 2 9 15 10 6 14 12 1 11 5 4 13 
697: 7 3 16 8 2 15 9 10 12 14 6 13 5 11 4 1 
698: 7 3 16 8 4 12 10 6 15 1 14 5 9 13 11 2 
699: 7 3 16 8 5 11 10 9 12 13 4 15 6 14 1 2 
700: 7 4 12 11 2 13 8 6 16 1 15 3 10 9 14 5 
701: 7 5 6 16 2 12 4 10 15 9 8 3 13 1 11 14 
702: 7 5 9 13 1 4 16 2 11 10 12 14 6 15 3 8 
703: 7 5 9 13 1 16 4 14 11 10 12 2 6 3 15 8 
704: 7 5 9 13 3 2 16 1 12 4 15 8 10 14 6 11 
705: 7 5 9 13 8 2 11 14 4 6 16 3 1 15 12 10 
706: 7 5 9 13 14 1 6 8 15 2 3 11 12 16 4 10 
707: 7 5 10 12 8 3 11 14 4 16 6 13 1 15 2 9 
708: 7 5 13 9 1 8 16 2 11 10 12 14 6 15 3 4 
709: 7 5 13 9 1 14 10 4 15 12 6 16 8 11 3 2 
710: 7 5 14 8 12 11 3 10 16 4 2 13 9 15 6 1 
711: 7 5 16 6 13 12 3 11 15 2 4 9 10 14 8 1 
712: 7 6 5 16 3 11 4 10 14 8 9 2 13 1 12 15 
713: 7 6 8 13 4 15 2 12 14 5 11 1 10 3 16 9 
714: 7 6 8 13 5 14 2 11 15 10 4 16 3 12 9 1 
715: 7 6 8 13 15 1 5 9 14 3 2 12 11 16 4 10 
716: 7 6 12 9 1 14 10 3 15 2 16 4 11 8 13 5 
717: 7 6 12 9 10 4 11 14 3 16 5 13 2 15 1 8 
718: 7 6 13 8 2 10 14 3 11 9 12 15 4 16 5 1 
719: 7 8 3 16 4 12 2 13 11 14 5 15 1 9 10 6 
720: 7 8 3 16 10 2 6 11 9 1 14 4 5 13 15 12 
721: 7 8 4 15 3 6 10 2 14 1 16 5 11 9 13 12 
722: 7 8 5 14 16 3 1 15 10 2 6 4 9 11 12 13 
723: 7 8 6 13 5 2 14 11 1 12 16 4 3 10 9 15 
724: 7 8 6 13 16 2 3 11 12 1 5 4 14 10 9 15 
725: 7 8 9 10 4 14 6 5 15 3 12 1 16 2 13 11 
726: 7 8 9 10 15 3 6 16 4 14 1 12 5 13 2 11 
727: 7 8 14 5 4 12 13 2 11 3 16 1 15 6 10 9 
728: 7 8 16 3 5 14 12 4 10 13 6 15 9 11 1 2 
729: 7 8 16 3 15 6 10 14 2 13 4 5 11 9 1 12 
730: 7 9 2 16 14 1 3 12 10 6 4 13 5 15 8 11 
731: 7 9 6 12 5 4 13 1 11 2 16 3 14 8 10 15 
732: 7 9 6 12 5 16 1 13 11 14 4 15 2 8 10 3 
733: 7 9 12 6 2 10 16 1 8 11 13 15 5 14 4 3 
734: 7 9 12 6 15 3 10 14 1 13 5 4 11 8 2 16 
735: 7 9 13 5 3 12 14 1 10 6 15 2 16 4 8 11 
736: 7 10 1 16 12 4 2 9 13 3 6 14 5 15 11 8 
737: 7 10 2 15 4 6 9 1 14 11 5 16 12 8 3 13 
738: 7 10 2 15 4 6 9 12 3 11 16 5 1 8 14 13 
739: 7 11 2 14 1 9 10 8 5 12 16 4 6 3 13 15 
740: 7 11 3 13 4 5 12 2 9 15 6 16 10 8 1 14 
741: 7 11 12 4 13 9 8 10 5 1 15 6 3 16 14 2 
742: 7 11 12 4 13 9 8 10 5 14 2 6 16 3 1 15 
743: 7 11 14 2 13 9 10 8 5 12 4 16 6 15 1 3 
744: 7 11 14 2 15 16 1 13 9 4 6 5 10 8 12 3 
745: 7 11 14 2 16 13 3 12 8 4 6 1 15 5 10 9 
746: 7 11 15 1 13 16 4 14 5 10 6 2 12 3 9 8 
747: 7 12 9 6 4 16 8 3 11 5 14 2 15 1 13 10 
748: 7 12 9 6 16 4 8 3 11 5 2 14 15 13 1 10 
749: 7 12 11 4 14 15 1 16 5 13 2 6 10 3 8 9 
750: 7 12 14 1 16 8 9 10 3 2 13 5 6 15 11 4 
751: 7 12 14 1 16 8 9 10 3 11 4 5 15 6 2 13 
752: 7 13 2 12 4 3 15 1 5 11 14 10 9 8 6 16 
753: 7 13 3 11 5 14 4 2 15 8 6 10 16 1 9 12 
754: 7 13 3 11 12 9 2 14 5 16 1 15 4 8 6 10 
755: 7 13 4 10 5 8 11 1 9 14 6 12 15 3 2 16 
756: 7 13 4 10 14 9 1 5 15 3 2 16 11 12 8 6 
757: 7 13 6 8 5 10 11 1 9 4 16 2 15 3 12 14 
758: 7 13 6 8 5 10 11 1 9 4 16 14 3 15 12 2 
759: 7 13 8 6 15 9 4 12 5 3 11 10 1 16 14 2 
760: 7 13 9 5 16 10 3 14 4 6 8 11 1 15 12 2 
761: 7 13 12 2 5 16 11 1 9 6 14 4 15 3 10 8 
762: 7 14 2 11 5 8 10 9 1 13 15 4 6 3 12 16 
763: 7 14 2 11 8 9 6 4 10 1 15 3 12 5 16 13 
764: 7 14 4 9 6 11 8 2 10 5 13 3 16 1 12 15 
765: 7 14 5 8 3 11 12 2 6 16 9 10 13 1 4 15 
766: 7 14 8 5 11 2 16 3 1 9 13 12 6 15 4 10 
767: 7 14 10 3 15 12 4 11 5 1 13 2 8 9 16 6 
768: 7 14 11 2 15 16 1 13 6 9 4 5 12 3 10 8 
769: 7 14 12 1 9 16 8 2 10 11 4 13 15 5 3 6 
770: 7 15 1 11 13 2 8 6 5 12 4 14 10 9 3 16 
771: 7 15 2 10 3 9 12 6 1 14 16 8 4 5 11 13 
772: 7 15 2 10 12 8 4 9 6 3 13 11 1 14 16 5 
773: 7 15 3 9 13 10 2 16 1 14 6 8 4 5 11 12 
774: 7 15 4 8 13 12 1 16 2 14 5 10 3 6 11 9 
775: 7 15 4 8 14 1 11 3 5 9 6 12 13 10 2 16 
776: 7 15 4 8 14 9 3 10 6 2 12 1 11 5 16 13 
777: 7 15 4 8 14 10 2 12 5 9 6 3 13 1 11 16 
778: 7 15 8 4 5 14 11 2 6 10 13 16 3 12 9 1 
779: 7 15 8 4 12 16 2 14 3 13 6 5 9 1 11 10 
780: 7 15 8 4 14 13 3 10 6 2 12 1 11 5 16 9 
781: 7 15 9 3 16 14 1 12 6 8 4 13 5 11 10 2 
782: 7 15 10 2 11 9 12 6 1 14 8 16 4 13 3 5 
783: 7 15 10 2 14 6 12 4 3 1 16 5 9 13 11 8 
784: 7 15 11 1 13 14 6 4 9 10 2 12 16 5 3 8 
785: 7 16 1 10 11 9 4 2 12 8 3 14 15 5 6 13 
786: 7 16 1 10 12 8 4 3 11 9 2 15 14 6 5 13 
787: 7 16 9 2 6 12 14 1 3 10 15 13 5 11 8 4 
788: 7 16 9 2 10 8 14 3 1 12 11 15 5 13 4 6 
789: 7 16 9 2 14 13 5 12 1 15 4 8 10 3 6 11 
790: 7 16 10 1 15 13 5 9 4 3 12 2 11 6 14 8 
791: 8 2 9 15 5 10 4 12 16 6 7 1 14 3 11 13 
792: 8 2 9 15 10 3 6 14 12 1 11 5 4 16 13 7 
793: 8 2 10 14 3 6 11 9 12 15 4 16 5 13 1 7 
794: 8 2 10 14 4 1 15 6 11 7 12 3 13 9 5 16 
795: 8 2 10 14 6 13 1 15 16 7 5 3 11 4 12 9 
796: 8 2 13 11 1 15 7 9 16 14 3 12 10 6 4 5 
797: 8 2 13 11 3 4 16 6 10 12 9 5 14 7 1 15 
798: 8 2 13 11 10 7 6 14 12 9 3 1 16 4 5 15 
799: 8 2 14 10 5 6 13 3 16 1 12 4 15 11 7 9 
800: 8 2 14 10 11 9 4 13 15 5 3 12 6 16 7 1 
801: 8 2 15 9 1 14 10 6 16 4 13 3 12 7 11 5 
802: 8 2 15 9 10 3 12 14 6 13 5 11 4 16 1 7 
803: 8 3 10 13 1 9 11 6 14 12 7 5 16 2 4 15 
804: 8 3 11 12 2 14 6 16 9 10 13 1 4 5 15 7 
805: 8 3 12 11 5 4 14 2 15 1 13 9 10 16 7 6 
806: 8 3 12 11 5 16 2 14 15 13 1 9 10 4 7 6 
807: 8 4 7 15 1 2 16 3 11 9 13 12 6 14 5 10 
808: 8 4 7 15 1 13 5 9 16 14 3 10 12 2 6 11 
809: 8 4 7 15 13 1 5 9 16 2 3 10 12 14 6 11 
810: 8 4 12 10 2 9 13 3 14 7 11 15 5 16 6 1 
811: 8 4 12 10 6 3 15 1 14 5 9 13 11 16 2 7 
812: 8 4 13 9 3 10 12 7 11 15 5 6 16 2 1 14 
813: 8 4 13 9 15 7 3 11 16 2 1 10 12 14 6 5 
814: 8 4 15 7 1 10 16 3 11 9 13 12 6 14 5 2 
815: 8 4 15 7 5 9 13 1 16 2 11 10 12 14 6 3 
816: 8 4 15 7 6 12 9 10 11 14 3 16 5 13 2 1 
817: 8 4 15 7 10 1 16 12 2 9 13 3 6 14 5 11 
818: 8 4 16 6 1 12 15 5 10 14 9 13 7 11 2 3 
819: 8 4 16 6 7 12 9 11 10 2 15 3 5 13 14 1 
820: 8 4 16 6 7 12 9 11 10 14 3 15 5 13 2 1 
821: 8 4 16 6 9 12 7 13 10 14 1 5 15 3 2 11 
822: 8 5 7 14 6 13 1 12 16 9 3 15 4 11 10 2 
823: 8 5 10 11 1 13 9 4 16 2 15 3 12 6 14 7 
824: 8 5 10 11 1 13 9 4 16 14 3 15 12 6 2 7 
825: 8 5 11 10 2 13 9 4 16 1 15 3 12 7 14 6 
826: 8 5 11 10 9 3 12 13 4 15 6 14 1 16 2 7 
827: 8 5 14 7 1 11 15 10 4 16 13 2 9 3 6 12 
828: 8 6 4 16 1 2 15 3 10 9 14 12 5 13 7 11 
829: 8 6 5 15 7 11 1 13 14 4 9 10 2 12 16 3 
830: 8 6 13 7 3 10 14 2 12 4 15 1 16 5 9 11 
831: 8 6 13 7 15 10 2 14 12 4 3 1 16 5 9 11 
832: 8 6 15 5 12 13 4 14 10 9 3 1 16 2 7 11 
833: 8 7 4 15 5 13 1 12 14 6 9 3 10 2 16 11 
834: 8 7 4 15 5 13 1 12 14 6 9 11 2 10 16 3 
835: 8 7 5 14 6 1 13 12 2 11 15 3 4 9 10 16 
836: 8 7 5 14 15 1 4 12 11 2 6 3 13 9 10 16 
837: 8 7 6 13 4 2 15 1 11 3 16 5 12 10 9 14 
838: 8 7 13 6 3 11 14 1 12 4 15 2 16 5 9 10 
839: 8 7 14 5 3 15 11 4 12 6 13 1 16 2 10 9 
840: 8 7 15 4 10 9 11 14 2 6 16 1 3 12 13 5 
841: 8 7 15 4 16 1 13 12 2 6 10 3 9 14 5 11 
842: 8 9 1 16 3 5 10 2 13 12 6 15 11 7 4 14 
843: 8 9 1 16 3 5 10 11 4 12 15 6 2 7 13 14 
844: 8 9 1 16 3 10 5 7 13 6 12 4 11 2 15 14 
845: 8 9 1 16 10 2 6 12 7 14 3 15 4 11 5 13 
846: 8 9 6 11 15 7 1 14 10 4 5 13 2 16 12 3 
847: 8 9 13 4 12 11 7 3 15 6 1 14 16 10 2 5 
848: 8 9 13 4 12 11 7 16 2 6 14 1 3 10 15 5 
849: 8 9 16 1 15 7 11 12 2 4 13 3 6 14 10 5 
850: 8 10 2 14 5 6 9 3 12 1 16 4 11 7 15 13 
851: 8 10 11 5 1 13 15 6 3 16 14 12 2 9 7 4 
852: 8 10 11 5 14 13 2 6 16 3 1 12 15 9 7 4 
853: 8 10 13 3 11 4 16 6 2 12 9 5 14 7 1 15 
854: 8 11 2 13 15 1 5 14 4 12 3 10 7 9 6 16 
855: 8 11 6 9 4 14 7 1 15 3 12 5 16 2 13 10 
856: 8 11 6 9 15 3 7 12 4 14 1 16 5 13 2 10 
857: 8 11 12 3 13 16 2 14 7 5 9 1 10 4 15 6 
858: 8 11 12 3 15 7 9 10 4 13 2 16 6 14 1 5 
859: 8 11 13 2 15 7 10 9 4 1 14 6 5 16 12 3 
860: 8 11 13 2 15 7 10 9 4 12 3 6 16 5 1 14 
861: 8 11 14 1 15 6 12 9 2 10 7 13 5 16 3 4 
862: 8 12 9 5 1 15 13 6 3 14 16 10 2 7 11 4 
863: 8 12 11 3 10 5 16 4 2 13 9 7 14 6 1 15 
864: 8 12 11 3 10 5 16 4 2 13 9 15 6 14 1 7 
865: 8 13 2 11 12 4 7 9 5 3 14 1 10 6 15 16 
866: 8 13 3 10 16 6 2 14 5 12 1 15 4 11 7 9 
867: 8 13 6 7 16 10 1 15 5 9 4 3 12 2 11 14 
868: 8 13 12 1 3 16 14 2 5 11 15 7 10 4 9 6 
869: 8 13 12 1 15 16 2 14 5 11 3 7 10 4 9 6 
870: 8 13 12 1 16 15 2 14 5 10 3 6 11 4 9 7 
871: 8 14 1 11 3 15 5 6 9 12 10 16 2 7 13 4 
872: 8 14 1 11 3 15 5 9 6 12 13 10 2 4 16 7 
873: 8 14 1 11 10 7 6 2 12 9 3 13 16 4 5 15 
874: 8 14 2 10 12 7 5 9 6 3 13 1 11 4 16 15 
875: 8 14 5 7 15 11 1 13 6 4 9 10 2 12 16 3 
876: 8 14 7 5 3 16 10 4 6 12 13 15 2 9 11 1 
877: 8 14 7 5 10 13 6 2 12 11 1 15 16 4 3 9 
878: 8 14 7 5 16 12 1 13 6 10 2 15 4 11 9 3 
879: 8 14 9 3 10 15 6 2 12 1 11 5 16 4 13 7 
880: 8 14 9 3 11 7 13 6 1 12 10 16 2 15 5 4 
881: 8 14 9 3 13 6 12 7 1 5 15 10 2 16 11 4 
882: 8 14 10 2 12 7 13 6 1 5 16 9 3 15 11 4 
883: 8 14 10 2 12 15 5 9 6 3 13 1 11 4 16 7 
884: 8 15 7 4 9 10 11 5 3 6 16 12 1 14 13 2 
885: 8 15 7 4 16 9 5 12 2 6 10 11 1 14 13 3 
886: 8 16 3 7 5 9 13 1 4 14 11 10 12 2 6 15 
887: 8 16 3 7 11 15 1 13 4 14 5 10 6 2 12 9 
888: 8 16 3 7 13 12 2 5 11 1 9 6 14 4 15 10 
889: 8 16 3 7 14 11 2 15 1 13 6 9 4 5 12 10 
890: 8 16 4 6 9 12 7 1 10 2 13 5 15 3 14 11 
891: 8 16 6 4 10 9 11 5 2 7 15 13 1 14 12 3 
892: 8 16 6 4 13 14 3 10 5 9 7 15 2 11 12 1 
893: 8 16 7 3 6 13 12 1 5 9 14 15 4 11 10 2 
894: 8 16 7 3 13 6 12 4 2 14 5 15 10 9 1 11 
895: 8 16 9 1 12 14 7 5 6 13 3 11 15 2 4 10 
896: 8 16 9 1 15 12 6 7 5 3 11 2 14 4 13 10 
897: 9 1 8 16 2 5 11 10 12 14 6 15 3 13 4 7 
898: 9 1 8 16 5 3 10 12 11 4 14 6 2 15 13 7 
899: 9 1 10 14 4 11 5 13 15 3 12 2 7 8 16 6 
900: 9 1 10 14 11 4 5 16 12 8 3 2 13 6 7 15 
901: 9 1 11 13 4 3 14 7 12 8 10 2 15 6 5 16 
902: 9 1 11 13 7 8 6 12 15 10 2 4 16 3 5 14 
903: 9 1 13 11 8 5 10 16 7 15 4 12 2 14 3 6 
904: 9 1 14 10 3 6 15 2 16 4 11 8 13 12 5 7 
905: 9 1 14 10 4 5 15 12 6 16 8 11 3 13 2 7 
906: 9 1 14 10 6 2 16 4 13 3 12 7 11 15 5 8 
907: 9 1 14 10 12 8 4 16 13 3 6 7 5 15 11 2 
908: 9 2 10 13 1 8 12 5 15 11 7 6 16 3 4 14 
909: 9 2 10 13 8 7 6 12 14 11 1 5 16 3 4 15 
910: 9 3 7 15 5 2 12 8 11 14 4 16 6 13 1 10 
911: 9 3 7 15 5 10 4 11 16 12 1 8 14 2 6 13 
912: 9 3 8 14 4 11 5 10 16 12 2 7 15 1 6 13 
913: 9 3 8 14 6 10 4 11 16 5 7 1 15 2 12 13 
914: 9 3 8 14 7 2 11 15 5 16 6 12 1 13 4 10 
915: 9 3 10 12 1 5 16 4 11 7 15 2 13 6 8 14 
916: 9 3 10 12 7 4 11 15 5 6 16 2 1 13 14 8 
917: 9 3 10 12 14 1 7 13 11 5 4 2 15 8 6 16 
918: 9 3 12 10 2 6 16 4 11 13 8 7 15 5 1 14 
919: 9 3 15 7 5 10 12 8 11 14 4 16 6 13 1 2 
920: 9 3 16 6 7 10 11 15 5 8 14 4 1 13 12 2 
921: 9 3 16 6 14 2 12 8 11 5 4 7 15 13 1 10 
922: 9 3 16 6 14 2 12 11 8 5 7 1 15 10 4 13 
923: 9 4 5 16 1 2 15 3 12 7 14 11 6 13 8 10 
924: 9 4 5 16 2 1 15 3 12 6 14 10 7 13 8 11 
925: 9 4 5 16 14 1 3 15 12 6 2 10 7 13 8 11 
926: 9 4 11 10 1 7 16 2 12 8 13 14 5 15 6 3 
927: 9 4 14 7 1 11 15 3 12 5 16 2 13 6 10 8 
928: 9 4 15 6 5 13 10 8 12 14 3 16 7 11 2 1 
929: 9 5 6 14 7 12 1 13 15 4 8 2 11 3 16 10 
930: 9 5 6 14 7 12 1 13 15 4 8 10 3 11 16 2 
931: 9 5 8 12 16 2 4 11 14 3 1 7 15 10 6 13 
932: 9 6 3 16 2 11 5 8 15 7 10 4 12 1 14 13 
933: 9 6 4 15 2 10 7 8 13 5 14 11 1 12 16 3 
934: 9 6 4 15 2 10 7 8 13 16 3 11 12 1 5 14 
935: 9 6 5 14 2 10 8 7 13 4 15 1 11 3 16 12 
936: 9 6 5 14 4 1 15 3 10 12 8 16 7 13 2 11 
937: 9 6 11 8 2 14 10 5 13 3 16 1 12 4 15 7 
938: 9 6 11 8 13 3 10 16 2 14 5 12 1 15 4 7 
939: 9 6 15 4 2 16 12 3 13 5 14 7 10 8 11 1 
940: 9 7 4 14 6 13 1 11 15 5 8 12 3 10 16 2 
941: 9 7 6 12 3 4 15 11 1 14 16 5 2 8 10 13 
942: 9 7 6 12 16 4 2 11 14 1 3 5 15 8 10 13 
943: 9 7 15 3 12 11 8 14 5 16 1 13 6 10 2 4 
944: 9 8 1 16 2 10 6 5 15 13 4 14 11 3 7 12 
945: 9 8 4 13 5 6 10 1 15 11 3 16 14 7 2 12 
946: 9 8 4 13 5 6 10 14 2 11 16 3 1 7 15 12 
947: 9 8 11 6 2 10 16 3 7 13 12 4 15 1 5 14 
948: 9 8 16 1 7 15 11 5 10 3 14 2 13 6 12 4 
949: 9 8 16 1 14 7 12 10 4 11 5 13 6 15 2 3 
950: 9 8 16 1 14 12 7 6 13 5 2 11 15 10 4 3 
951: 9 8 16 1 14 12 7 15 4 5 11 2 6 10 13 3 
952: 9 10 2 13 1 16 4 5 15 11 7 14 8 3 12 6 
953: 9 10 2 13 7 8 6 3 15 11 1 16 14 5 4 12 
954: 9 10 3 12 14 2 6 13 5 11 4 16 1 15 7 8 
955: 9 10 4 11 14 6 3 16 5 13 2 15 1 12 8 7 
956: 9 10 11 4 13 15 2 16 6 14 1 12 5 7 8 3 
957: 9 10 12 3 2 16 13 5 6 15 11 14 4 8 7 1 
958: 9 10 12 3 11 16 4 5 15 6 2 14 13 8 7 1 
959: 9 10 13 2 12 4 16 5 3 11 8 6 15 7 1 14 
960: 9 10 13 2 12 4 16 5 3 11 8 14 7 15 1 6 
961: 9 11 2 12 5 4 13 3 7 8 14 16 1 15 10 6 
962: 9 11 4 10 2 7 15 3 5 13 14 16 1 12 8 6 
963: 9 11 4 10 14 7 3 15 5 13 2 16 1 12 8 6 
964: 9 11 12 2 10 6 16 4 3 13 8 7 15 5 1 14 
965: 9 11 13 1 16 15 2 14 7 8 3 5 12 4 10 6 
966: 9 12 3 10 16 6 2 7 13 1 4 15 8 14 11 5 
967: 9 12 6 7 8 14 5 4 13 2 11 3 16 1 15 10 
968: 9 12 6 7 15 4 8 13 1 16 2 14 5 10 3 11 
969: 9 12 7 6 16 4 8 13 1 3 14 2 5 11 15 10
 
970: 9 12 7 6 16 4 8 13 1 15 2 14 5 11 3 10 
971: 9 12 10 3 11 4 16 5 1 8 14 2 13 6 7 15 
972: 9 13 1 11 8 5 10 4 7 3 16 12 2 14 15 6 
973: 9 13 1 11 10 5 8 6 7 3 14 2 12 4 15 16 
974: 9 13 1 11 10 5 8 6 7 15 2 14 12 4 3 16 
975: 9 13 1 11 16 5 2 12 7 3 8 4 10 6 15 14 
976: 9 13 2 10 7 16 1 5 15 8 4 14 11 3 12 6 
977: 9 13 2 10 11 5 8 7 6 3 14 1 12 4 15 16 
978: 9 13 2 10 12 8 4 16 1 15 6 7 5 3 11 14 
979: 9 13 2 10 16 7 1 14 6 8 4 5 11 3 12 15 
980: 9 13 4 8 2 10 14 6 1 15 16 7 5 3 11 12 
981: 9 13 4 8 14 7 5 10 6 2 12 11 1 15 16 3 
982: 9 13 5 7 11 14 2 16 3 12 8 4 6 1 15 10 
983: 9 13 5 7 15 8 4 14 3 10 6 2 12 1 11 16 
984: 9 13 10 2 4 16 12 8 1 15 14 7 5 3 11 6 
985: 9 13 10 2 16 4 12 8 1 3 14 7 5 15 11 6 
986: 9 13 10 2 16 15 1 14 6 8 4 5 11 3 12 7 
987: 9 14 5 6 12 1 15 3 2 4 16 8 7 13 10 11 
988: 9 14 5 6 12 13 3 15 2 16 4 8 7 1 10 11 
989: 9 14 6 5 15 3 11 1 8 7 4 16 13 12 2 10 
990: 9 14 7 4 16 8 6 11 3 5 10 12 1 15 13 2 
991: 9 15 2 8 7 14 5 3 11 4 12 6 13 1 16 10 
992: 9 15 2 8 16 3 7 11 1 13 4 14 5 10 6 12 
993: 9 15 3 7 6 8 13 4 2 12 14 5 11 1 10 16 
994: 9 15 3 7 12 11 4 14 1 16 5 13 2 6 10 8 
995: 9 15 4 6 7 10 11 3 5 8 14 16 1 13 12 2 
996: 9 15 4 6 14 13 1 11 7 5 8 12 3 10 16 2 
997: 9 15 4 6 16 2 10 8 1 3 14 5 7 11 13 12 
998: 9 15 7 3 11 4 16 2 1 10 12 14 6 13 5 8 
999: 9 15 7 3 13 16 2 11 6 10 5 14 4 8 12 1 
1000: 9 15 7 3 14 11 6 8 5 2 13 1 12 4 16 10 
1001: 9 15 8 2 7 14 11 3 5 16 6 12 13 1 4 10 
1002: 9 15 8 2 12 7 13 5 1 11 10 16 3 14 6 4 
1003: 10 1 7 16 2 4 12 8 13 14 5 15 6 11 3 9 
1004: 10 1 8 15 3 4 12 5 16 2 13 9 7 14 11 6 
1005: 10 1 8 15 7 9 3 14 16 5 6 2 12 4 13 11 
1006: 10 1 8 15 11 5 3 16 14 7 2 4 12 6 9 13 
1007: 10 1 16 7 5 9 13 14 6 8 15 2 3 11 12 4 
1008: 10 1 16 7 6 8 13 15 5 9 14 3 2 12 11 4 
1009: 10 2 6 16 4 3 11 13 8 7 15 5 1 12 14 9 
1010: 10 2 7 15 3 11 5 13 14 16 1 12 8 4 6 9 
1011: 10 2 7 15 6 8 5 11 16 3 9 1 13 4 14 12 
1012: 10 2 8 14 1 3 16 5 11 9 13 4 12 6 7 15 
1013: 10 2 9 13 3 4 14 7 11 15 5 16 6 12 1 8 
1014: 10 2 9 13 5 1 15 3 14 4 11 12 8 16 6 7 
1015: 10 2 9 13 12 3 6 15 11 7 4 1 14 5 8 16 
1016: 10 2 13 9 3 7 15 5 12 8 11 14 4 16 6 1 
1017: 10 2 13 9 3 8 14 7 11 15 5 16 6 12 1 4 
1018: 10 2 13 9 3 16 6 14 12 8 11 5 4 7 15 1 
1019: 10 2 13 9 4 5 16 1 15 3 12 7 14 11 6 8 
1020: 10 2 14 8 4 7 15 1 16 3 11 9 13 12 6 5 
1021: 10 2 15 7 5 9 13 8 11 14 4 6 16 3 1 12 
1022: 10 2 15 7 14 8 5 11 16 3 1 9 13 12 6 4 
1023: 10 2 16 6 4 15 9 11 12 5 13 3 7 8 14 1 
1024: 10 3 5 16 8 1 9 15 7 6 13 4 2 12 14 11 
1025: 10 3 6 15 2 1 16 4 11 8 13 12 5 14 7 9 
1026: 10 3 7 14 2 5 13 6 12 16 4 15 9 8 1 11 
1027: 10 3 9 12 6 15 1 14 16 8 4 5 11 2 13 7 
1028: 10 3 12 9 14 6 5 15 11 1 8 7 4 16 13 2 
1029: 10 3 13 8 11 6 9 15 7 12 4 14 1 16 5 2 
1030: 10 3 15 6 9 8 11 13 7 16 2 14 5 12 1 4 
1031: 10 3 15 6 12 9 7 8 16 4 2 13 11 14 5 1 
1032: 10 4 5 15 12 1 6 16 8 11 3 13 2 14 7 9 
1033: 10 4 8 12 1 7 14 3 13 11 9 6 16 2 5 15 
1034: 10 4 9 11 2 8 13 5 12 14 6 7 16 1 3 15 
1035: 10 4 11 9 12 7 6 16 8 13 1 3 14 2 5 15 
1036: 10 4 11 9 12 7 6 16 8 13 1 15 2 14 5 3 
1037: 10 4 13 7 3 8 16 12 2 14 15 1 6 5 9 11 
1038: 10 4 13 7 12 9 6 16 8 3 11 5 2 14 15 1 
1039: 10 4 14 6 5 8 15 3 12 1 16 2 13 9 11 7 
1040: 10 4 14 6 12 3 13 15 2 9 11 7 1 16 8 5 
1041: 10 4 15 5 13 14 2 16 12 6 3 7 8 9 11 1 
1042: 10 5 3 16 1 9 8 7 14 6 13 12 2 11 15 4 
1043: 10 5 3 16 1 9 8 7 14 15 4 12 11 2 6 13 
1044: 10 5 6 13 3 2 16 1 12 4 15 11 7 14 9 8 
1045: 10 5 8 11 1 13 9 14 6 12 15 3 2 4 16 7 
1046: 10 5 8 11 13 1 9 14 6 12 3 15 2 16 4 7 
1047: 10 6 2 16 4 1 13 3 12 7 11 15 5 14 8 9 
1048: 10 6 3 15 1 4 14 5 9 13 11 16 2 12 7 8 
1049: 10 6 3 15 2 1 16 4 8 13 11 12 7 9 5 14 
1050: 10 6 3 15 4 8 7 9 12 5 13 1 11 2 16 14 
1051: 10 6 5 13 4 8 9 7 12 3 15 11 1 14 16 2 
1052: 10 6 5 13 4 8 9 7 12 16 2 11 14 1 3 15 
1053: 10 6 14 4 13 12 5 15 8 2 11 1 7 9 16 3 
1054: 10 6 15 3 16 8 7 9 12 5 1 13 11 14 4 2 
1055: 10 7 15 2 13 11 8 5 14 6 1 12 16 9 3 4 
1056: 10 7 15 2 13 11 8 16 3 6 12 1 5 9 14 4 
1057: 10 7 16 1 5 13 15 8 4 14 11 3 12 2 6 9 
1058: 10 8 4 12 14 5 3 16 7 11 2 15 1 13 9 6 
1059: 10 8 5 11 2 14 7 3 16 4 12 13 6 9 15 1 
1060: 10 8 5 11 15 7 1 16 9 6 4 2 12 3 13 14 
1061: 10 8 11 5 12 1 16 4 6 3 13 2 15 9 7 14 
1062: 10 8 11 5 12 13 4 16 6 15 1 14 3 9 7 2 
1063: 10 8 15 1 3 16 14 5 7 11 13 4 12 2 9 6 
1064: 10 9 1 14 2 11 7 3 15 4 13 12 6 8 16 5 
1065: 10 9 1 14 12 3 5 13 7 4 11 2 8 6 16 15 
1066: 10 9 3 12 13 5 4 15 6 14 1 16 2 11 7 8 
1067: 10 9 8 7 2 14 11 1 13 3 16 5 12 4 15 6 
1068: 10 9 8 7 13 3 11 12 2 14 5 16 1 15 4 6 
1069: 10 9 11 4 1 15 14 6 5 16 12 13 3 7 8 2 
1070: 10 9 11 4 12 15 3 6 16 5 1 13 14 7 8 2 
1071: 10 9 12 3 1 14 16 2 7 15 11 13 8 6 5 4 
1072: 10 9 13 2 14 11 7 15 3 16 1 12 6 8 4 5 
1073: 10 9 14 1 7 15 11 6 8 16 3 13 12 4 2 5 
1074: 10 9 14 1 13 5 15 4 6 3 12 2 16 8 7 11 
1075: 10 11 4 9 15 7 3 14 6 8 5 2 13 1 12 16 
1076: 10 11 5 8 7 13 6 3 14 1 12 4 15 2 16 9 
1077: 10 11 5 8 16 3 7 14 2 15 1 13 6 9 4 12 
1078: 10 11 9 4 2 16 12 8 3 14 15 5 6 1 13 7 
1079: 10 11 9 4 12 3 15 6 2 7 13 1 14 5 8 16 
1080: 10 11 9 4 13 2 15 5 3 12 6 16 7 14 1 8 
1081: 10 11 12 1 14 6 13 7 3 9 8 15 4 16 5 2 
1082: 10 12 1 11 4 5 14 6 2 15 13 8 7 3 9 16 
1083: 10 12 3 9 5 6 14 7 1 13 15 4 8 2 11 16 
1084: 10 12 4 8 16 3 7 13 2 5 11 1 9 6 14 15 
1085: 10 12 4 8 16 9 1 15 6 7 5 3 11 2 14 13 
1086: 10 12 7 5 9 14 6 3 13 1 11 4 16 2 15 8 
1087: 10 12 8 4 3 16 11 9 2 15 14 6 5 1 13 7 
1088: 10 12 8 4 9 15 6 3 13 11 1 14 16 2 5 7 
1089: 10 12 8 4 14 15 1 16 5 13 2 9 7 3 11 6 
1090: 10 12 8 4 16 1 13 3 6 7 5 15 11 14 2 9 
1091: 10 12 8 4 16 13 1 15 6 7 5 3 11 2 14 9 
1092: 10 12 11 1 15 5 13 7 2 8 9 14 4 16 6 3 
1093: 10 13 5 6 15 4 9 11 1 16 2 14 7 8 3 12 
1094: 10 14 1 9 12 6 7 8 5 4 13 2 11 3 16 15 
1095: 10 14 1 9 13 5 7 11 2 16 3 12 8 4 6 15 
1096: 10 14 1 9 15 2 8 7 5 3 11 4 12 6 13 16 
1097: 10 14 1 9 15 8 2 7 11 3 5 16 6 12 13 4 
1098: 10 14 2 8 11 6 9 4 7 1 15 3 12 5 16 13 
1099: 10 14 2 8 16 9 1 12 7 5 6 13 3 11 15 4 
1100: 10 14 4 6 9 8 11 2 7 5 13 3 16 1 12 15 
1101: 10 14 7 3 15 11 5 13 2 16 1 12 8 4 6 9 
1102: 10 14 8 2 11 5 16 3 1 7 15 4 12 6 9 13 
1103: 10 14 8 2 13 15 4 5 11 9 1 16 12 6 7 3 
1104: 10 14 9 1 5 13 15 3 2 16 11 12 8 4 6 7 
1105: 10 14 9 1 13 15 5 4 11 8 2 12 16 3 7 6 
1106: 10 15 3 6 16 8 4 14 1 12 5 13 2 9 11 7 
1107: 10 16 1 7 12 9 6 4 8 3 11 5 14 2 15 13 
1108: 10 16 1 7 15 8 4 12 2 14 3 13 6 5 9 11 
1109: 10 16 3 5 7 14 8 9 1 15 11 12 2 4 13 6 
1110: 10 16 5 3 14 11 6 8 4 7 9 15 2 12 13 1 
1111: 10 16 6 2 7 12 13 1 4 15 8 14 11 3 5 9 
1112: 10 16 6 2 14 13 5 12 1 15 4 11 7 3 9 8 
1113: 10 16 6 2 15 12 5 9 4 7 8 14 3 11 13 1 
1114: 10 16 7 1 14 13 6 8 4 5 11 3 12 2 15 9 
1115: 11 1 9 13 3 2 16 5 12 4 15 8 6 14 10 7 
1116: 11 1 12 10 3 5 16 8 9 15 7 6 13 4 2 14 
1117: 11 1 13 9 4 5 16 2 15 3 12 6 14 10 7 8 
1118: 11 1 13 9 4 5 16 14 3 15 12 6 2 10 7 8 
1119: 11 1 13 9 6 5 14 4 15 3 10 12 8 16 7 2 
1120: 11 1 13 9 14 5 6 12 15 3 2 4 16 8 7 10 
1121: 11 1 14 8 4 7 15 13 5 9 16 2 3 10 12 6 
1122: 11 1 14 8 4 15 7 10 16 12 2 9 13 3 6 5 
1123: 11 1 14 8 7 15 4 16 13 12 2 6 10 3 9 5 
1124: 11 1 15 7 9 2 16 14 3 12 10 6 4 13 5 8 
1125: 11 2 5 16 3 1 14 8 10 6 15 4 7 9 12 13 
1126: 11 2 6 15 1 4 14 10 8 9 16 3 5 7 13 12 
1127: 11 2 7 14 4 3 13 9 10 12 8 16 1 15 6 5 
1128: 11 2 7 14 8 3 9 13 10 12 4 16 1 15 6 5 
1129: 11 2 8 13 5 4 12 14 6 7 16 1 3 9 15 10 
1130: 11 2 8 13 9 5 7 15 10 3 12 6 1 14 16 4 
1131: 11 2 9 12 4 15 3 13 16 8 6 10 5 7 14 1 
1132: 11 2 13 8 6 4 16 1 15 3 10 9 14 12 5 7 
1133: 11 2 14 7 3 8 16 4 12 13 6 9 15 5 1 10 
1134: 11 2 14 7 5 9 13 3 16 1 12 4 15 8 10 6 
1135: 11 2 15 6 3 12 13 9 10 5 16 1 8 7 14 4 
1136: 11 2 15 6 10 5 13 16 3 12 9 8 1 14 7 4 
1137: 11 3 4 16 1 2 15 6 10 14 9 12 7 8 5 13 
1138: 11 3 4 16 5 1 12 10 9 6 14 2 8 7 13 15 
1139: 11 3 4 16 6 2 10 12 9 5 14 7 1 13 15 8 
1140: 11 3 8 12 2 5 15 7 9 13 10 16 1 14 6 4 
1141: 11 3 8 12 2 14 6 16 9 13 10 7 1 5 15 4 
1142: 11 3 8 12 10 5 7 15 9 13 2 16 1 14 6 4 
1143: 11 3 13 7 1 14 12 10 9 8 16 2 6 5 15 4 
1144: 11 3 13 7 8 9 10 15 6 16 4 14 1 12 5 2 
1145: 11 3 15 5 6 14 9 12 10 16 2 7 13 1 4 8 
1146: 11 3 15 5 8 7 14 16 1 13 12 4 2 10 9 6 
1147: 11 3 15 5 9 14 6 12 13 10 2 4 16 1 7 8 
1148: 11 3 15 5 16 7 6 12 13 1 4 8 10 14 9 2 
1149: 11 4 3 16 2 1 15 7 8 14 10 12 5 9 6 13 
1150: 11 4 3 16 10 1 7 15 8 14 2 12 5 9 6 13 
1151: 11 4 5 14 6 12 2 15 13 8 7 3 9 1 16 10 
1152: 11 4 7 12 6 3 13 1 16 2 10 14 9 15 8 5 
1153: 11 4 7 12 10 3 9 13 8 2 14 6 1 15 16 5 
1154: 11 4 10 9 12 6 7 15 8 13 1 16 2 14 5 3 
1155: 11 5 2 16 4 1 13 9 7 15 8 14 3 10 6 12 
1156: 11 5 2 16 8 1 9 13 7 15 4 14 3 10 6 12 
1157: 11 5 4 14 2 3 15 1 13 9 10 16 7 12 6 8 
1158: 11 5 8 10 3 7 14 2 13 6 12 16 4 15 9 1 
1159: 11 5 8 10 9 14 1 13 15 4 6 3 12 2 16 7 
1160: 11 5 14 4 2 13 15 8 6 10 16 1 9 3 12 7 
1161: 11 5 14 4 2 13 15 8 6 10 16 7 3 9 12 1 
1162: 11 5 14 4 7 8 15 13 1 10 16 2 3 9 12 6 
1163: 11 5 14 4 7 8 15 13 1 16 10 2 9 3 6 12 
1164: 11 5 14 4 8 7 15 13 1 9 16 2 3 10 12 6 
1165: 11 5 14 4 16 1 13 9 7 3 8 2 15 10 6 12 
1166: 11 5 15 3 6 9 16 12 1 14 13 7 2 10 8 4 
1167: 11 5 16 2 7 10 15 13 1 14 12 6 3 9 8 4 
1168: 11 5 16 2 14 3 15 13 1 9 10 4 7 12 6 8 
1169: 11 6 3 14 10 2 8 13 7 16 1 15 5 9 4 12 
1170: 11 6 3 14 12 1 7 5 16 2 4 10 15 9 8 13 
1171: 11 6 9 8 16 7 3 13 12 4 2 14 5 15 10 1 
1172: 11 7 1 15 2 4 13 6 8 10 14 5 9 3 12 16 
1173: 11 7 3 13 8 12 1 10 16 6 4 15 5 9 14 2 
1174: 11 7 4 12 3 6 13 9 5 10 16 1 8 2 14 15 
1175: 11 7 4 12 10 9 3 8 16 2 6 15 5 13 14 1 
1176: 11 7 12 4 1 15 14 5 8 9 16 3 10 2 13 6 
1177: 11 7 15 1 8 12 13 10 4 6 16 3 5 9 14 2 
1178: 11 7 15 1 10 9 14 8 5 3 16 4 6 12 13 2 
1179: 11 7 15 1 10 9 14 8 5 13 6 4 16 2 3 12 
1180: 11 7 15 1 16 9 8 14 5 3 10 4 6 12 13 2 
1181: 11 8 2 13 12 4 5 14 7 6 9 1 10 3 15 16 
1182: 11 8 5 10 4 13 7 3 16 12 2 14 15 1 6 9 
1183: 11 8 5 10 16 1 7 15 4 12 2 14 3 13 6 9 
1184: 11 8 9 6 4 14 10 1 15 3 12 5 16 2 13 7 
1185: 11 8 9 6 15 3 10 12 4 14 1 16 5 13 2 7 
1186: 11 8 13 2 12 4 16 3 7 9 6 15 10 14 1 5 
1187: 11 9 1 13 4 5 12 6 7 8 15 3 10 2 14 16 
1188: 11 9 1 13 10 3 8 2 15 5 4 12 16 6 7 14 
1189: 11 9 1 13 12 3 6 14 5 7 10 2 8 4 15 16 
1190: 11 9 1 13 12 3 6 14 5 15 2 10 8 4 7 16 
1191: 11 9 2 12 15 3 4 16 5 13 1 10 7 6 8 14 
1192: 11 9 4 10 1 8 15 7 3 14 16 5 6 2 12 13 
1193: 11 9 8 6 2 14 12 10 3 13 16 7 1 5 15 4 
1194: 11 9 8 6 12 3 13 10 2 4 16 7 1 15 14 5 
1195: 11 9 10 4 6 16 8 14 3 13 12 7 1 5 15 2 
1196: 11 9 10 4 15 7 8 12 5 1 13 6 3 14 16 2 
1197: 11 9 12 2 3 15 14 6 5 10 16 8 4 7 13 1 
1198: 11 9 12 2 15 3 14 6 5 1 13 8 7 16 10 4 
1199: 11 9 12 2 15 3 14 6 5 10 4 8 16 7 1 13 
1200: 11 9 13 1 7 14 12 10 3 8 16 2 6 5 15 4 
1201: 11 9 13 1 16 5 12 6 7 8 3 15 10 14 2 4 
1202: 11 10 1 12 2 14 6 3 15 9 8 16 7 5 13 4 
1203: 11 10 1 12 14 2 6 15 3 9 8 4 7 5 13 16 
1204: 11 10 1 12 14 2 6 15 3 13 4 8 7 5 9 16 
1205: 11 10 5 8 6 13 7 3 14 2 12 4 15 1 16 9 
1206: 11 10 5 8 6 13 7 15 2 14 12 4 3 1 16 9 
1207: 11 10 7 6 2 14 12 9 3 13 16 4 5 1 15 8 
1208: 11 10 7 6 2 14 12 9 3 13 16 8 1 5 15 4 
1209: 11 10 7 6 4 15 9 13 2 16 12 8 1 3 14 5 
1210: 11 10 7 6 12 3 13 9 2 4 16 8 1 15 14 5 
1211: 11 10 7 6 14 2 12 9 3 1 16 4 5 13 15 8 
1212: 11 10 7 6 16 3 9 13 2 4 12 8 1 15 14 5 
1213: 11 10 9 4 7 15 8 14 2 12 13 6 1 5 16 3 
1214: 11 10 12 1 16 3 14 8 2 9 7 13 6 15 4 5 
1215: 11 12 3 8 4 16 6 9 7 13 10 14 1 5 15 2 
1216: 11 12 3 8 16 4 6 9 7 1 10 2 13 5 15 14 
1217: 11 12 4 7 9 13 5 3 14 1 10 6 15 2 16 8 
1218: 11 12 9 2 4 15 13 3 6 8 16 10 5 7 14 1 
1219: 11 12 9 2 4 15 13 3 6 14 10 16 5 7 8 1 
1220: 11 12 9 2 14 13 5 16 1 15 4 8 6 3 10 7 
1221: 11 13 1 9 14 5 6 12 3 15 2 16 4 8 7 10 
1222: 11 13 2 8 4 7 15 1 5 9 16 14 3 10 12 6 
1223: 11 13 2 8 6 15 5 12 4 14 10 9 3 1 16 7 
1224: 11 13 2 8 7 4 15 5 1 12 14 6 9 3 10 16 
1225: 11 13 3 7 16 9 2 14 5 12 1 15 4 8 10 6 
1226: 11 13 9 1 15 4 14 2 5 8 6 10 16 7 3 12 
1227: 11 14 2 7 8 9 10 4 6 5 15 3 12 1 16 13 
1228: 11 14 4 5 15 13 1 9 10 3 6 12 7 8 16 2 
1229: 11 14 5 4 6 8 16 3 1 15 12 9 10 2 7 13 
1230: 11 14 5 4 8 15 7 12 1 16 9 10 3 2 13 6 
1231: 11 14 5 4 15 13 2 8 10 6 3 16 7 9 12 1 
1232: 11 14 5 4 16 8 6 13 1 7 10 2 9 3 15 12 
1233: 11 14 5 4 16 8 6 13 1 15 2 10 9 3 7 12 
1234: 11 14 6 3 16 10 5 13 2 15 1 12 8 4 7 9 
1235: 11 14 7 2 6 10 16 1 3 12 13 15 5 9 8 4 
1236: 11 14 7 2 8 15 9 1 10 12 4 16 13 3 6 5 
1237: 11 15 3 5 6 7 16 2 1 13 14 10 8 4 9 12 
1238: 11 15 3 5 7 8 14 4 1 10 16 12 2 9 13 6 
1239: 11 15 3 5 8 7 14 4 1 9 16 12 2 10 13 6 
1240: 11 15 3 5 8 7 14 4 1 13 12 16 2 10 9 6 
1241: 11 15 3 5 13 12 4 9 6 8 7 16 2 10 14 1 
1242: 11 15 3 5 14 7 8 2 9 1 10 6 16 4 13 12 
1243: 11 15 3 5 16 7 6 12 1 9 8 4 10 2 13 14 
1244: 11 15 3 5 16 7 6 12 1 13 4 8 10 2 9 14 
1245: 11 15 7 1 14 9 10 4 5 13 2 16 12 6 3 8 
1246: 11 15 7 1 16 8 9 6 4 2 12 3 13 5 14 10 
1247: 11 16 3 4 8 12 10 1 7 6 13 15 5 9 14 2 
1248: 11 16 5 2 12 13 7 3 8 4 10 6 15 1 14 9 
1249: 12 1 5 16 2 3 13 9 11 14 7 8 10 4 6 15 
1250: 12 1 5 16 4 3 11 7 15 2 13 6 8 10 14 9 
1251: 12 1 7 14 3 4 13 11 9 6 16 2 5 8 15 10 
1252: 12 1 10 11 5 2 16 4 13 9 7 15 8 14 3 6 
1253: 12 1 10 11 5 2 16 8 9 13 7 15 4 14 3 6 
1254: 12 1 10 11 5 14 4 16 13 9 7 3 8 2 15 6 
1255: 12 1 16 5 4 11 14 10 9 6 15 2 7 8 13 3 
1256: 12 1 16 5 9 6 14 15 4 11 10 7 2 13 8 3 
1257: 12 2 4 16 8 3 7 14 11 5 10 9 1 13 15 6 
1258: 12 2 5 15 7 3 9 13 10 16 1 14 6 8 4 11 
1259: 12 2 9 11 6 3 14 10 8 13 7 16 1 15 5 4 
1260: 12 2 11 9 15 4 6 16 10 8 1 3 14 5 7 13 
1261: 12 2 13 7 8 3 16 10 6 11 9 1 14 4 5 15 
1262: 12 2 14 6 3 10 15 9 8 16 7 5 13 1 4 11 
1263: 12 2 14 6 7 10 11 13 8 4 15 1 5 9 16 3 
1264: 12 2 14 6 16 3 9 10 13 1 4 5 15 11 7 8 
1265: 12 2 14 6 16 3 9 13 10 7 1 5 15 8 4 11 
1266: 12 3 4 15 11 7 1 14 16 5 2 8 10 6 13 9 
1267: 12 3 6 13 5 2 14 7 10 8 11 15 1 16 9 4 
1268: 12 3 6 13 9 7 5 10 16 1 8 2 14 4 15 11 
1269: 12 3 9 10 11 5 8 16 7 14 2 15 1 13 6 4 
1270: 12 3 10 9 15 2 8 16 7 11 1 13 4 14 5 6 
1271: 12 4 2 16 7 1 10 11 9 15 3 14 6 8 5 13 
1272: 12 4 3 15 1 2 16 5 9 13 11 10 8 6 7 14 
1273: 12 4 3 15 1 13 5 11 14 10 9 8 6 2 16 7 
1274: 12 4 3 15 2 1 16 5 9 13 10 11 8 7 6 14 
1275: 12 4 3 15 8 1 10 14 6 9 11 2 7 5 13 16 
1276: 12 4 3 15 8 5 6 14 10 9 7 2 11 1 13 16 
1277: 12 4 3 15 11 1 7 14 9 6 8 2 10 5 13 16 
1278: 12 4 5 13 8 2 11 9 10 1 15 7 3 14 16 6 
1279: 12 4 7 11 2 6 15 1 14 10 8 9 16 3 5 13 
1280: 12 4 7 11 13 9 1 15 14 2 5 8 6 10 16 3 
1281: 12 4 8 10 13 5 6 15 9 11 1 16 2 14 7 3 
1282: 12 4 15 3 1 14 16 5 9 13 11 10 8 6 7 2 
1283: 12 4 15 3 13 2 16 8 6 10 5 7 14 9 1 11 
1284: 12 4 16 2 10 13 9 15 6 7 11 3 5 8 14 1 
1285: 12 4 16 2 14 13 5 15 10 9 1 7 11 6 8 3 
1286: 12 5 1 16 2 3 13 6 10 14 8 11 9 4 7 15 
1287: 12 5 1 16 2 3 13 9 7 14 11 8 6 4 10 15 
1288: 12 5 2 15 11 1 7 6 16 3 4 10 14 8 9 13 
1289: 12 5 4 13 1 9 11 2 16 3 14 8 10 6 15 7 
1290: 12 5 4 13 3 11 7 8 14 16 1 15 10 2 6 9 
1291: 12 5 16 1 13 9 11 14 4 15 2 8 10 6 3 7 
1292: 12 6 2 14 10 3 7 13 8 5 11 1 9 4 16 15 
1293: 12 6 3 13 1 4 16 2 10 14 9 15 8 7 5 11 
1294: 12 6 7 9 8 4 13 5 10 1 15 11 3 16 14 2 
1295: 12 6 7 9 8 4 13 5 10 14 2 11 16 3 1 15 
1296: 12 6 9 7 8 4 15 3 10 2 14 1 16 5 11 13 
1297: 12 6 9 7 8 16 3 15 10 14 2 13 4 5 11 1 
1298: 12 6 13 3 7 16 8 9 11 15 1 14 10 4 5 2 
1299: 12 6 13 3 9 14 8 16 4 10 11 5 2 7 15 1 
1300: 12 6 14 2 10 15 7 13 8 5 11 1 9 4 16 3 
1301: 12 6 15 1 14 3 16 8 4 5 11 2 13 9 7 10 
1302: 12 6 15 1 14 11 8 16 4 13 3 10 5 9 7 2 
1303: 12 7 1 14 11 3 6 13 8 5 10 2 9 4 16 15 
1304: 12 7 2 13 9 11 1 10 16 5 4 14 6 8 15 3 
1305: 12 7 4 11 15 3 5 6 16 2 1 13 14 10 8 9 
1306: 12 7 4 11 15 3 5 14 8 2 9 1 10 6 16 13 
1307: 12 7 14 1 5 13 15 10 2 16 11 9 4 6 8 3 
1308: 12 7 14 1 9 11 13 10 4 5 16 2 6 8 15 3 
1309: 12 7 14 1 16 8 9 15 3 13 2 11 6 10 5 4 
1310: 12 8 1 13 10 2 9 3 14 6 4 11 16 5 7 15 
1311: 12 8 1 13 14 2 5 15 6 11 3 7 9 4 10 16 
1312: 12 8 3 11 5 14 4 7 15 13 1 16 10 2 9 6 
1313: 12 8 3 11 14 5 4 16 6 13 1 7 10 2 9 15 
1314: 12 8 3 11 14 5 4 16 6 13 1 15 2 10 9 7 
1315: 12 8 4 10 2 7 15 6 5 11 16 3 9 1 13 14 
1316: 12 8 5 9 10 2 13 7 6 3 15 11 1 16 14 4 
1317: 12 8 11 3 2 14 15 5 6 10 16 9 4 7 13 1 
1318: 12 8 11 3 2 16 13 6 7 10 15 4 9 1 14 5 
1319: 12 8 11 3 14 2 15 5 6 1 13 9 7 16 10 4 
1320: 12 8 11 3 14 2 15 5 6 10 4 9 16 7 1 13 
1321: 12 8 13 1 3 16 14 7 5 15 11 10 6 4 9 2 
1322: 12 8 13 1 15 4 14 7 5 3 11 10 6 16 9 2 
1323: 12 9 2 11 7 15 1 10 14 8 5 13 6 4 16 3 
1324: 12 9 3 10 2 15 7 5 13 8 11 14 4 6 16 1 
1325: 12 9 10 3 1 14 16 4 5 13 15 7 8 2 11 6 
1326: 12 9 10 3 13 2 16 4 5 1 15 7 8 14 11 6 
1327: 12 9 10 3 13 2 16 8 1 5 15 7 4 14 11 6 
1328: 12 9 11 2 10 15 7 13 5 16 3 14 4 6 8 1 
1329: 12 10 3 9 6 5 14 2 8 7 13 4 15 1 11 16 
1330: 12 10 3 9 8 1 16 2 6 5 15 13 4 14 11 7 
1331: 12 10 3 9 13 4 8 2 14 6 1 15 16 7 5 11 
1332: 12 10 5 7 15 3 9 13 2 16 1 14 6 8 4 11 
1333: 12 10 8 4 11 14 5 13 6 15 2 16 3 7 9 1 
1334: 12 10 9 3 8 7 16 2 6 5 15 13 4 14 11 1 
1335: 12 10 9 3 8 7 16 2 6 15 5 13 14 4 1 11 
1336: 12 10 9 3 13 2 16 7 1 5 15 8 4 14 11 6 
1337: 12 11 3 8 5 14 7 1 15 10 4 16 13 2 9 6 
1338: 12 11 10 1 15 2 16 4 3 7 9 13 8 14 5 6 
1339: 12 13 3 6 9 4 15 5 1 14 10 8 11 2 7 16 
1340: 12 13 5 4 15 9 6 14 1 16 2 11 7 3 8 10 
1341: 12 13 6 3 7 16 8 11 2 15 10 9 4 1 14 5 
1342: 12 14 1 7 13 3 11 5 4 2 15 8 6 10 16 9 
1343: 12 14 2 6 7 5 16 1 3 9 15 8 10 4 11 13 
1344: 12 14 2 6 7 10 11 1 8 4 15 13 5 9 16 3 
1345: 12 14 2 6 7 10 11 5 4 8 15 13 1 9 16 3 
1346: 12 14 2 6 8 9 11 5 4 7 15 13 1 10 16 3 
1347: 12 14 2 6 13 10 5 7 8 4 9 15 3 11 16 1 
1348: 12 14 2 6 13 10 5 11 4 16 1 15 7 3 8 9 
1349: 12 14 2 6 15 10 3 9 8 4 7 5 13 1 16 11 
1350: 12 14 2 6 15 10 3 13 4 8 7 5 9 1 16 11 
1351: 12 14 5 3 16 8 7 11 2 15 1 13 9 4 6 10 
1352: 12 14 7 1 13 9 11 5 4 2 15 8 6 10 16 3 
1353: 12 15 3 4 16 9 5 13 1 10 7 6 8 2 14 11 
1354: 12 16 2 4 9 11 10 1 7 5 13 14 6 8 15 3 
1355: 12 16 2 4 11 5 14 3 1 7 15 10 6 8 13 9 
1356: 12 16 2 4 15 6 9 8 1 7 11 5 10 3 14 13 
1357: 12 16 4 2 10 13 9 3 6 7 11 15 5 8 14 1 
1358: 12 16 4 2 11 7 14 1 3 5 15 8 10 6 13 9 
1359: 13 1 4 16 2 5 11 10 12 14 6 15 3 9 8 7 
1360: 13 1 4 16 2 6 10 14 9 15 8 7 5 3 11 12 
1361: 13 1 6 14 5 7 8 9 16 3 10 11 4 12 15 2 
1362: 13 1 8 12 4 2 16 7 10 11 9 15 3 14 6 5 
1363: 13 1 8 12 5 2 15 11 7 6 16 3 4 10 14 9 
1364: 13 1 9 11 2 5 16 3 14 8 10 6 15 4 7 12 
1365: 13 1 9 11 4 3 16 2 15 7 8 14 10 12 5 6 
1366: 13 1 9 11 4 3 16 10 7 15 8 14 2 12 5 6 
1367: 13 1 9 11 6 3 14 12 7 5 16 2 4 10 15 8 
1368: 13 1 16 4 5 10 15 11 7 14 8 3 12 2 6 9 
1369: 13 1 16 4 8 12 10 14 9 15 2 7 11 3 5 6 
1370: 13 1 16 4 14 5 11 10 12 2 6 3 15 9 8 7 
1371: 13 1 16 4 15 7 8 14 11 3 5 6 9 12 10 2 
1372: 13 2 4 15 9 3 7 11 14 1 10 8 5 12 16 6 
1373: 13 2 7 12 8 11 3 14 15 5 6 10 4 9 16 1 
1374: 13 2 8 11 3 4 16 1 15 6 10 14 9 12 7 5 
1375: 13 2 10 9 3 16 6 14 12 11 8 5 7 1 15 4 
1376: 13 2 10 9 5 8 12 16 4 11 14 3 1 7 15 6 
1377: 13 2 11 8 9 1 16 10 6 12 7 14 3 15 4 5 
1378: 13 3 2 16 1 5 12 4 15 8 10 14 6 9 11 7 
1379: 13 3 2 16 1 5 12 4 15 11 7 14 9 6 8 10 
1380: 13 3 2 16 5 1 12 4 15 8 6 14 10 9 7 11 
1381: 13 3 4 14 7 2 11 15 5 16 6 12 1 9 8 10 
1382: 13 3 6 12 7 4 11 15 5 14 8 2 9 1 10 16 
1383: 13 3 7 11 9 12 2 15 14 6 5 10 4 8 16 1 
1384: 13 3 11 7 8 5 14 16 1 15 10 2 6 4 9 12 
1385: 13 3 12 6 7 10 11 15 5 8 14 4 1 9 16 2 
1386: 13 3 12 6 7 16 5 15 11 14 2 8 9 1 10 4 
1387: 13 3 12 6 8 4 16 10 5 7 14 9 1 15 11 2 
1388: 13 3 12 6 8 9 11 15 5 7 14 4 1 10 16 2 
1389: 13 3 12 6 14 4 10 16 5 7 8 9 1 15 11 2 
1390: 13 3 12 6 14 9 5 15 11 1 8 4 7 10 16 2 
1391: 13 4 2 15 1 7 11 3 16 5 12 10 9 6 14 8 
1392: 13 4 3 14 7 1 12 8 10 2 15 6 5 11 16 9 
1393: 13 4 5 12 2 11 9 15 6 16 10 8 1 3 14 7 
1394: 13 4 5 12 6 9 7 8 15 3 10 2 14 1 16 11 
1395: 13 4 8 9 7 6 12 3 15 11 1 14 16 5 2 10 
1396: 13 4 8 9 7 6 12 16 2 11 14 1 3 5 15 10 
1397: 13 4 15 2 12 6 14 5 11 1 10 3 16 8 9 7 
1398: 13 5 1 15 3 2 14 4 11 12 8 16 6 9 7 10 
1399: 13 5 2 14 7 3 10 8 11 15 1 16 9 6 4 12 
1400: 13 5 2 14 11 8 1 12 16 4 3 10 9 6 15 7 
1401: 13 5 4 12 14 2 6 7 16 1 3 9 15 8 10 11 
1402: 13 5 6 10 1 8 15 11 3 16 14 7 2 4 12 9 
1403: 13 5 6 10 14 8 2 11 16 3 1 7 15 4 12 9 
1404: 13 5 10 6 15 2 11 14 4 8 7 12 1 16 9 3 
1405: 13 5 14 2 11 6 15 10 4 16 3 12 9 8 1 7 
1406: 13 5 15 1 11 12 10 16 3 14 6 8 4 7 9 2 
1407: 13 6 3 12 4 7 11 2 15 1 14 10 8 9 16 5 
1408: 13 6 3 12 16 2 4 15 9 8 1 7 11 5 10 14 
1409: 13 6 5 10 14 2 8 11 9 4 7 1 15 3 12 16 
1410: 13 6 7 8 10 2 14 5 9 3 12 1 16 4 11 15 
1411: 13 6 8 7 10 2 15 4 9 1 14 11 5 16 12 3 
1412: 13 6 8 7 10 2 15 4 9 12 3 11 16 5 1 14 
1413: 13 6 12 3 14 1 16 10 2 7 11 9 4 15 8 5 
1414: 13 6 14 1 5 12 16 9 3 15 11 10 4 7 8 2 
1415: 13 6 14 1 12 11 10 16 2 15 5 9 4 7 8 3 
1416: 13 7 8 6 3 10 15 11 1 16 14 5 4 2 12 9 
1417: 13 7 8 6 12 1 15 10 2 4 16 3 5 11 14 9 
1418: 13 7 11 3 9 14 8 15 4 16 5 12 2 6 10 1 
1419: 13 7 12 2 8 15 9 14 4 16 6 11 3 5 10 1 
1420: 13 7 12 2 10 14 8 15 4 9 11 5 3 6 16 1 
1421: 13 8 2 11 9 4 10 1 15 7 3 14 16 5 6 12 
1422: 13 8 2 11 14 5 4 6 16 3 1 15 12 9 10 7 
1423: 13 8 6 7 3 15 9 1 16 5 10 12 11 4 14 2 
1424: 13 8 6 7 12 14 1 16 9 10 3 11 4 5 15 2 
1425: 13 8 6 7 16 1 10 12 4 3 11 9 2 15 14 5 
1426: 13 8 7 6 12 2 14 11 1 5 16 3 4 10 15 9 
1427: 13 8 12 1 10 7 16 6 4 15 5 9 14 3 2 11 
1428: 13 9 1 11 14 2 7 8 10 4 6 5 15 3 12 16 
1429: 13 9 2 10 5 3 16 1 8 7 14 15 4 12 11 6 
1430: 13 9 2 10 12 4 8 16 1 15 6 7 5 3 11 14 
1431: 13 9 2 10 16 1 7 12 6 4 8 3 11 5 14 15 
1432: 13 9 5 7 3 16 8 2 15 10 6 14 12 1 11 4 
1433: 13 9 5 7 14 2 11 8 6 4 10 1 15 3 12 16 
1434: 13 9 5 7 15 2 10 3 12 6 1 14 16 8 4 11 
1435: 13 9 5 7 15 4 8 14 3 10 6 2 12 1 11 16 
1436: 13 9 5 7 16 1 10 11 4 2 12 8 3 14 15 6 
1437: 13 9 7 5 10 3 16 1 8 2 14 4 15 6 11 12 
1438: 13 9 10 2 4 12 16 8 1 15 14 7 5 3 11 6 
1439: 13 9 11 1 10 7 16 5 4 14 6 8 15 2 3 12 
1440: 13 10 2 9 3 7 15 5 4 11 16 12 1 8 14 6 
1441: 13 10 2 9 3 8 14 6 4 11 16 5 7 1 15 12 
1442: 13 10 3 8 2 9 15 5 4 12 16 6 7 1 14 11 
1443: 13 10 7 4 5 9 16 2 6 8 15 14 3 11 12 1 
1444: 13 10 7 4 6 8 16 3 5 9 14 15 2 12 11 1 
1445: 13 10 9 2 4 12 16 1 7 15 8 14 11 3 5 6 
1446: 13 10 9 2 4 12 16 7 1 15 14 8 5 3 11 6 
1447: 13 11 1 9 3 8 14 4 5 10 16 12 2 7 15 6 
1448: 13 11 1 9 6 3 16 2 5 8 15 7 10 4 12 14 
1449: 13 11 9 1 14 3 16 2 5 8 7 15 10 12 4 6 
1450: 13 11 9 1 14 7 12 8 3 2 15 5 6 10 16 4 
1451: 13 12 3 6 8 4 16 1 5 11 10 9 14 2 7 15 
1452: 13 12 3 6 14 9 5 7 10 2 8 4 15 1 16 11 
1453: 13 12 3 6 14 9 5 15 2 10 8 4 7 1 16 11 
1454: 13 12 3 6 15 2 11 7 4 1 14 5 8 9 16 10 
1455: 13 12 3 6 15 9 4 8 10 2 7 14 5 11 16 1 
1456: 13 12 4 5 14 8 7 6 9 1 10 3 15 2 16 11 
1457: 13 12 7 2 6 16 10 3 9 14 5 15 11 1 8 4 
1458: 13 12 7 2 11 6 15 3 4 9 10 5 16 1 8 14 
1459: 13 12 8 1 15 7 11 9 2 3 14 6 5 10 16 4 
1460: 13 14 1 6 8 5 15 2 3 11 12 16 4 9 10 7 
1461: 13 14 2 5 15 8 6 11 3 7 9 4 10 1 16 12 
1462: 13 15 1 5 9 6 14 3 2 12 11 16 4 8 10 7 
1463: 13 15 1 5 9 12 8 7 4 10 11 14 2 6 16 3 
1464: 13 15 1 5 14 11 4 12 3 10 7 9 6 2 16 8 
1465: 13 15 4 2 9 12 11 7 1 10 14 8 5 3 16 6 
1466: 13 15 4 2 9 12 11 7 1 16 8 14 5 3 10 6 
1467: 13 16 2 3 11 8 12 1 5 4 14 10 9 6 15 7 
1468: 13 16 2 3 12 10 9 8 1 14 7 15 4 5 11 6 
1469: 14 1 3 16 5 2 11 9 13 4 12 6 7 8 15 10 
1470: 14 1 7 12 4 3 15 2 16 5 9 13 10 11 8 6 
1471: 14 1 9 10 6 3 15 2 16 4 8 13 11 12 7 5 
1472: 14 1 9 10 8 11 5 12 16 4 6 3 13 2 15 7 
1473: 14 1 16 3 5 11 15 8 10 6 13 4 9 7 12 2 
1474: 14 1 16 3 10 6 15 13 5 11 8 9 4 12 7 2 
1475: 14 2 3 15 1 5 13 9 10 16 7 12 6 4 8 11 
1476: 14 2 5 13 6 3 12 16 4 15 9 8 1 7 11 10 
1477: 14 2 5 13 6 8 7 10 15 4 9 12 3 11 16 1 
1478: 14 2 6 12 4 3 15 1 16 5 9 13 11 10 8 7 
1479: 14 2 10 8 7 6 13 4 15 1 11 3 16 5 12 9 
1480: 14 2 11 7 3 9 15 4 13 12 6 8 16 1 5 10 
1481: 14 2 12 6 7 8 13 10 9 3 15 5 4 11 16 1 
1482: 14 2 13 5 8 15 6 10 16 7 3 9 12 4 11 1 
1483: 14 2 13 5 11 3 15 7 10 4 9 12 6 16 8 1 
1484: 14 3 4 13 11 1 9 6 16 2 5 8 15 7 10 12 
1485: 14 3 6 11 9 1 13 10 8 2 15 5 4 12 16 7 
1486: 14 3 6 11 9 2 12 15 4 16 5 13 1 10 7 8 
1487: 14 3 15 2 12 9 11 7 13 8 1 10 16 6 4 5 
1488: 14 3 15 2 12 9 11 16 4 8 10 1 7 6 13 5 
1489: 14 3 16 1 7 11 15 10 6 8 13 2 9 5 12 4 
1490: 14 3 16 1 12 10 11 15 5 13 4 9 6 8 7 2 
1491: 14 4 1 15 3 6 10 12 8 16 7 13 2 5 11 9 
1492: 14 4 1 15 6 2 11 7 12 3 13 9 5 10 16 8 
1493: 14 4 3 13 9 2 10 12 8 16 1 15 6 7 5 11 
1494: 14 4 5 11 12 3 8 16 6 9 7 1 10 2 13 15 
1495: 14 4 7 9 10 13 2 12 16 5 3 11 8 6 15 1 
1496: 14 4 11 5 10 3 16 12 2 7 15 1 6 8 13 9 
1497: 14 4 11 5 13 1 15 3 12 2 7 8 16 10 6 9 
1498: 14 4 15 1 9 8 16 12 2 10 13 3 6 7 11 5 
1499: 14 4 15 1 9 13 11 7 12 10 3 8 16 2 6 5 
1500: 14 4 15 1 10 7 16 12 2 9 13 3 6 8 11 5 
1501: 14 4 15 1 13 8 12 16 2 10 9 3 6 7 11 5 
1502: 14 5 4 11 1 12 10 3 16 8 9 15 7 6 13 2 
1503: 14 5 6 9 3 10 12 1 16 4 11 7 15 2 13 8 
1504: 14 5 6 9 13 1 11 16 2 12 7 3 8 4 10 15 
1505: 14 5 7 8 9 1 16 3 10 2 13 12 6 15 11 4 
1506: 14 5 7 8 9 1 16 3 10 11 4 12 15 6 2 13 
1507: 14 5 8 7 11 3 13 4 12 2 9 15 6 16 10 1 
1508: 14 5 11 4 2 16 12 8 9 10 13 7 6 3 15 1 
1509: 14 6 1 13 12 7 2 11 15 3 4 9 10 5 16 8 
1510: 14 6 5 9 3 12 10 2 16 4 11 13 8 7 15 1 
1511: 14 6 5 9 11 12 2 10 16 4 3 13 8 7 15 1 
1512: 14 6 9 5 1 15 13 8 7 16 10 12 4 3 11 2 
1513: 14 6 9 5 10 3 16 8 4 7 13 12 1 15 11 2 
1514: 14 6 9 5 10 15 4 8 16 7 1 12 13 3 11 2 
1515: 14 6 9 5 16 1 12 13 3 7 8 11 2 15 10 4 
1516: 14 6 10 4 11 3 16 5 7 1 15 2 12 8 13 9 
1517: 14 6 12 2 15 4 13 8 7 3 9 1 16 5 10 11 
1518: 14 6 13 1 11 7 15 5 8 12 3 10 16 4 2 9 
1519: 14 6 13 1 12 5 16 9 3 15 4 11 10 7 2 8 
1520: 14 6 13 1 15 2 16 7 5 3 11 4 12 10 9 8 
1521: 14 7 1 12 8 4 10 2 15 6 5 11 16 3 9 13 
1522: 14 7 2 11 15 3 5 16 6 12 1 9 8 4 10 13 
1523: 14 7 2 11 15 3 5 16 6 12 1 13 4 8 10 9 
1524: 14 7 3 10 8 5 11 15 1 16 9 6 4 2 12 13 
1525: 14 7 5 8 11 13 2 15 10 9 4 12 3 6 16 1 
1526: 14 7 8 5 3 15 11 10 6 12 13 9 2 4 16 1 
1527: 14 7 8 5 3 15 11 10 6 16 9 13 2 4 12 1 
1528: 14 7 8 5 15 3 11 10 6 4 9 13 2 16 12 1 
1529: 14 7 11 2 4 16 12 6 9 8 13 5 10 1 15 3 
1530: 14 7 12 1 13 5 15 4 8 2 11 3 16 6 10 9 
1531: 14 7 12 1 13 5 15 4 8 10 3 11 16 6 2 9 
1532: 14 8 2 10 6 3 15 4 7 9 12 5 13 1 11 16 
1533: 14 8 3 9 1 11 13 7 6 12 15 10 2 4 16 5 
1534: 14 8 3 9 2 10 13 1 12 5 15 11 7 6 16 4 
1535: 14 8 3 9 13 2 10 12 4 16 1 15 6 7 5 11 
1536: 14 8 7 5 3 10 16 4 6 12 13 15 2 9 11 1 
1537: 14 8 7 5 3 15 11 9 6 12 13 10 2 4 16 1 
1538: 14 8 7 5 13 10 6 4 16 2 3 15 12 9 11 1 
1539: 14 8 10 2 9 16 7 13 6 15 4 12 5 3 11 1 
1540: 14 9 10 1 15 7 11 2 12 4 3 13 16 8 6 5 
1541: 14 9 10 1 15 7 11 12 2 4 13 3 6 8 16 5 
1542: 14 10 1 9 6 4 15 2 7 8 13 16 3 11 12 5 
1543: 14 10 1 9 8 11 6 2 16 3 7 13 12 4 15 5 
1544: 14 10 2 8 4 13 9 3 12 7 11 15 5 6 16 1 
1545: 14 10 2 8 9 1 16 3 5 7 13 6 12 4 11 15 
1546: 14 10 2 8 13 6 7 16 1 15 5 9 4 3 12 11 
1547: 14 10 3 7 13 6 8 5 11 1 9 4 16 2 15 12 
1548: 14 11 3 6 13 7 8 5 10 2 9 4 16 1 15 12 
1549: 14 11 4 5 16 1 12 8 3 2 13 6 7 10 15 9 
1550: 14 11 8 1 5 12 16 3 4 10 15 7 9 2 13 6 
1551: 14 11 8 1 12 5 16 4 3 10 9 6 15 2 7 13 
1552: 14 12 1 7 5 6 16 2 4 10 15 9 8 3 13 11 
1553: 14 12 3 5 13 9 7 4 11 2 8 6 16 1 15 10 
1554: 14 12 6 2 9 16 7 11 4 13 8 10 5 1 15 3 
1555: 14 15 1 4 11 9 10 7 2 13 8 16 3 6 12 5 
1556: 14 15 1 4 12 7 11 2 6 3 13 9 10 5 16 8 
1557: 14 15 3 2 12 9 11 7 1 8 13 10 4 6 16 5 
1558: 14 16 3 1 12 13 8 4 6 7 9 11 10 2 15 5 
1559: 14 16 3 1 13 8 12 4 2 10 9 15 6 7 11 5 
1560: 14 16 3 1 15 8 10 2 6 4 9 11 12 5 13 7 
1561: 15 1 2 16 3 4 11 9 13 12 6 14 5 7 10 8 
1562: 15 1 2 16 5 4 9 13 11 10 8 6 7 3 14 12 
1563: 15 1 4 14 5 6 9 13 11 16 2 12 7 3 8 10 
1564: 15 1 4 14 10 2 8 9 16 3 5 7 13 6 12 11 
1565: 15 1 5 13 9 2 10 16 7 12 6 4 8 3 11 14 
1566: 15 1 7 11 3 4 16 5 12 10 9 6 14 2 8 13 
1567: 15 1 12 6 5 14 9 13 11 8 10 4 7 3 16 2 
1568: 15 1 12 6 8 7 13 11 9 3 14 4 5 10 16 2 
1569: 15 1 13 5 9 4 16 14 3 10 12 2 6 7 11 8 
1570: 15 1 13 5 11 4 14 10 9 8 6 2 16 3 7 12 
1571: 15 2 1 16 4 3 11 8 13 12 5 14 7 6 9 10 
1572: 15 2 1 16 4 6 8 13 11 12 7 9 5 3 14 10 
1573: 15 2 1 16 5 4 9 13 10 11 8 7 6 3 14 12 
1574: 15 2 4 13 6 7 8 10 14 5 9 3 12 1 16 11 
1575: 15 2 5 12 8 1 13 10 9 3 14 6 4 11 16 7 
1576: 15 2 10 7 8 6 13 5 14 11 1 12 16 4 3 9 
1577: 15 2 10 7 8 6 13 16 3 11 12 1 5 4 14 9 
1578: 15 2 13 4 9 11 10 14 8 16 1 12 7 5 6 3 
1579: 15 2 14 3 11 8 12 7 13 9 1 10 16 5 4 6 
1580: 15 2 14 3 11 8 12 16 4 9 10 1 7 5 13 6 
1581: 15 3 2 14 4 5 11 12 8 16 6 9 7 1 10 13 
1582: 15 3 4 12 1 5 16 2 13 9 11 14 7 8 10 6 
1583: 15 3 4 12 2 13 7 8 16 10 6 11 9 1 14 5 
1584: 15 3 4 12 5 1 16 2 13 6 10 14 8 11 9 7 
1585: 15 3 4 12 5 1 16 2 13 9 7 14 11 8 6 10 
1586: 15 3 4 12 6 2 14 10 7 13 8 5 11 1 9 16 
1587: 15 3 4 12 7 1 14 11 6 13 8 5 10 2 9 16 
1588: 15 3 6 10 2 8 14 1 16 5 11 9 13 4 12 7 
1589: 15 3 6 10 9 1 14 12 5 13 7 4 11 2 8 16 
1590: 15 3 6 10 12 4 8 16 7 13 2 5 11 1 9 14 
1591: 15 3 11 5 13 2 14 16 1 12 8 4 6 7 9 10 
1592: 15 3 12 4 9 11 10 5 16 1 8 7 14 6 13 2 
1593: 15 3 14 2 4 12 16 8 7 13 10 5 11 1 9 6 
1594: 15 3 14 2 16 5 11 12 8 4 6 9 7 13 10 1 
1595: 15 4 2 13 12 3 6 8 16 1 5 11 10 9 14 7 
1596: 15 4 3 12 6 7 9 8 13 5 10 14 2 11 16 1 
1597: 15 4 6 9 1 10 14 11 5 16 12 8 3 2 13 7 
1598: 15 4 6 9 12 10 3 11 16 5 1 8 14 2 13 7 
1599: 15 4 7 8 2 13 11 3 16 6 10 12 9 5 14 1 
1600: 15 4 7 8 10 13 3 11 16 6 2 12 9 5 14 1 
1601: 15 4 8 7 9 6 12 5 13 1 11 2 16 3 14 10 
1602: 15 4 9 6 3 13 12 2 16 8 7 14 11 5 10 1 
1603: 15 5 2 12 8 3 11 14 4 16 6 13 1 7 10 9 
1604: 15 5 4 10 14 1 9 13 7 11 2 16 3 12 8 6 
1605: 15 5 6 8 12 11 3 10 16 4 2 13 9 7 14 1 
1606: 15 5 8 6 1 14 13 9 7 16 10 11 4 2 12 3 
1607: 15 5 8 6 10 2 16 9 4 7 13 11 1 14 12 3 
1608: 15 5 8 6 10 14 4 9 16 7 1 11 13 2 12 3 
1609: 15 5 10 4 11 3 16 12 1 8 14 2 6 7 13 9 
1610: 15 5 10 4 12 2 16 6 7 1 14 3 11 9 13 8 
1611: 15 5 11 3 12 13 6 16 7 14 1 9 8 2 10 4 
1612: 15 5 13 1 12 7 14 6 9 3 10 2 16 4 11 8 
1613: 15 5 13 1 12 7 14 6 9 11 2 10 16 4 3 8 
1614: 15 5 13 1 14 9 10 8 11 2 7 3 16 4 12 6 
1615: 15 6 2 11 7 4 12 3 13 9 5 10 16 1 8 14 
1616: 15 6 3 10 14 1 9 12 7 8 5 4 13 2 11 16 
1617: 15 6 8 5 11 2 16 3 9 1 13 4 14 7 12 10 
1618: 15 6 10 3 16 1 14 12 2 9 7 11 4 13 8 5 
1619: 15 6 11 2 7 12 13 1 14 5 8 9 16 3 10 4 
1620: 15 6 11 2 14 5 13 8 7 12 1 16 9 10 3 4 
1621: 15 6 12 1 14 3 16 10 2 13 5 11 8 9 4 7 
1622: 15 7 2 10 4 8 12 1 14 3 13 11 9 6 16 5 
1623: 15 7 2 10 4 11 9 12 6 16 8 13 1 3 14 5 
1624: 15 7 3 9 2 10 13 8 6 12 14 11 1 5 16 4 
1625: 15 7 3 9 13 2 10 16 1 14 6 8 4 5 11 12 
1626: 15 7 4 8 2 13 11 10 6 14 12 9 3 1 16 5 
1627: 15 7 4 8 14 1 11 10 6 2 12 9 3 13 16 5 
1628: 15 7 4 8 14 2 10 12 5 9 6 3 13 1 11 16 
1629: 15 7 8 4 14 5 11 10 6 2 12 9 3 13 16 1 
1630: 15 7 9 3 14 1 16 5 6 2 12 4 13 8 11 10 
1631: 15 7 11 1 13 6 14 4 9 10 2 12 16 5 3 8 
1632: 15 8 1 10 4 9 11 2 13 5 12 14 6 7 16 3 
1633: 15 8 1 10 6 5 13 4 9 7 12 16 2 11 14 3 
1634: 15 8 1 10 14 4 6 9 11 2 7 5 13 3 16 12 
1635: 15 8 5 6 10 2 16 1 9 3 12 14 7 13 11 4 
1636: 15 8 5 6 10 2 16 7 3 9 12 14 1 13 11 4 
1637: 15 8 5 6 14 4 10 9 7 2 11 1 13 3 16 12 
1638: 15 8 7 4 14 5 11 3 12 2 6 16 9 13 10 1 
1639: 15 8 7 4 14 5 11 9 6 2 12 10 3 13 16 1 
1640: 15 9 2 8 3 10 13 1 11 6 14 12 7 5 16 4 
1641: 15 9 2 8 16 3 7 5 13 1 4 14 11 10 12 6 
1642: 15 9 3 7 11 2 14 1 10 8 5 12 16 4 6 13 
1643: 15 9 3 7 11 12 4 13 8 10 5 14 2 6 16 1 
1644: 15 10 3 6 8 7 13 2 9 5 12 16 4 11 14 1 
1645: 15 10 3 6 14 2 12 1 11 5 4 16 13 9 7 8 
1646: 15 10 5 4 16 1 13 2 9 3 6 14 12 11 8 7 
1647: 15 10 5 4 16 11 3 12 9 8 1 14 7 6 13 2 
1648: 15 10 7 2 4 12 16 3 5 11 14 8 9 1 13 6 
1649: 15 10 7 2 16 5 11 9 4 6 8 14 3 13 12 1 
1650: 15 11 1 7 6 5 16 3 4 10 14 8 9 2 13 12 
1651: 15 11 1 7 14 4 9 6 8 2 10 5 13 3 16 12 
1652: 15 11 1 7 14 5 8 3 12 2 6 16 9 10 13 4 
1653: 15 11 5 3 16 1 14 7 2 4 12 6 9 8 13 10 
1654: 15 11 7 1 14 3 16 5 2 8 10 6 13 4 9 12 
1655: 15 11 7 1 16 3 14 5 4 2 12 8 9 10 13 6 
1656: 15 12 1 6 16 4 8 11 3 13 2 14 7 5 9 10 
1657: 15 13 1 5 9 4 16 2 3 10 12 14 6 7 11 8 
1658: 15 13 1 5 11 10 8 9 4 12 7 16 2 6 14 3 
1659: 15 13 2 4 14 5 11 3 7 1 12 10 9 8 16 6 
1660: 15 13 2 4 14 5 11 9 1 7 12 10 3 8 16 6 
1661: 15 13 5 1 9 8 16 2 3 10 12 14 6 7 11 4 
1662: 15 13 5 1 9 14 10 4 7 12 6 16 8 3 11 2 
1663: 15 13 5 1 10 7 16 2 3 9 12 14 6 8 11 4 
1664: 15 13 5 1 14 7 12 6 3 9 8 16 4 10 11 2 
1665: 15 13 5 1 16 7 10 2 9 3 6 14 12 8 11 4 
1666: 15 14 2 3 11 8 12 7 1 9 13 10 4 5 16 6 
1667: 16 1 2 15 3 4 12 7 14 11 6 13 8 5 10 9 
1668: 16 1 2 15 3 6 10 9 14 12 5 13 7 4 11 8 
1669: 16 1 2 15 6 3 10 14 9 12 7 8 5 4 13 11 
1670: 16 1 5 12 4 3 15 8 10 14 6 9 11 2 7 13 
1671: 16 1 5 12 4 3 15 11 7 14 9 6 8 2 10 13 
1672: 16 1 8 9 3 10 12 14 7 13 11 5 4 2 15 6 
1673: 16 1 9 8 2 10 14 4 15 6 11 7 12 3 13 5 
1674: 16 1 9 8 7 5 14 6 13 12 2 11 15 3 4 10 
1675: 16 1 9 8 7 5 14 15 4 12 11 2 6 3 13 10 
1676: 16 1 9 8 11 2 13 15 5 14 4 12 3 10 7 6 
1677: 16 1 10 7 15 4 8 14 11 3 5 9 6 12 13 2 
1678: 16 1 12 5 11 8 10 9 14 2 7 3 15 4 13 6 
1679: 16 1 14 3 9 7 15 8 10 4 11 2 13 5 12 6 
1680: 16 1 14 3 12 6 13 15 5 9 8 7 4 10 11 2 
1681: 16 2 1 15 3 4 12 6 14 10 7 13 8 5 11 9 
1682: 16 2 1 15 7 4 8 14 10 12 5 9 6 3 13 11 
1683: 16 2 3 13 6 5 10 14 8 11 9 4 7 1 15 12 
1684: 16 2 3 13 9 1 11 14 7 8 10 4 6 5 15 12 
1685: 16 2 3 13 9 5 7 14 11 8 6 4 10 1 15 12 
1686: 16 2 4 12 8 1 13 14 5 15 6 11 3 7 9 10 
1687: 16 2 5 11 10 1 12 14 6 15 3 9 8 4 7 13 
1688: 16 2 5 11 10 1 12 14 6 15 3 13 4 8 7 9 
1689: 16 2 6 10 14 1 9 15 8 7 5 3 11 4 12 13 
1690: 16 2 9 7 15 1 11 13 8 6 5 12 4 14 10 3 
1691: 16 2 10 6 5 8 15 13 4 14 11 3 7 1 12 9 
1692: 16 2 10 6 5 8 15 13 4 14 11 9 1 7 12 3 
1693: 16 2 10 6 8 5 15 14 3 11 12 7 1 9 13 4 
1694: 16 2 10 6 15 8 5 13 14 4 1 9 11 7 12 3 
1695: 16 2 11 5 8 6 15 7 10 4 12 1 14 3 13 9 
1696: 16 2 11 5 8 14 7 15 10 12 4 9 6 3 13 1 
1697: 16 2 12 4 10 5 15 9 8 3 13 1 11 6 14 7 
1698: 16 2 13 3 9 10 12 14 6 8 11 5 4 7 15 1 
1699: 16 2 13 3 10 9 12 14 6 7 11 1 8 4 15 5 
1700: 16 2 13 3 10 9 12 14 6 7 11 5 4 8 15 1 
1701: 16 2 13 3 15 4 12 9 11 7 1 10 14 8 5 6 
1702: 16 2 15 1 10 11 12 14 6 13 5 7 8 4 9 3 
1703: 16 2 15 1 13 6 14 10 8 4 9 3 12 7 11 5 
1704: 16 3 1 14 8 2 10 6 15 4 7 9 12 5 13 11 
1705: 16 3 4 11 9 1 13 12 6 14 5 7 10 2 8 15 
1706: 16 3 4 11 9 1 13 12 6 14 5 15 2 10 8 7 
1707: 16 3 5 10 2 9 13 12 6 15 11 7 4 1 14 8 
1708: 16 3 5 10 11 9 4 12 15 6 2 7 13 1 14 8 
1709: 16 3 6 9 1 11 13 4 14 7 12 8 10 2 15 5 
1710: 16 3 8 7 9 12 6 15 10 14 1 13 5 4 11 2 
1711: 16 3 8 7 13 2 12 4 15 1 5 11 14 10 9 6 
1712: 16 3 10 5 7 9 13 6 12 4 11 2 15 1 14 8 
1713: 16 3 10 5 9 6 14 15 2 12 11 7 1 8 13 4 
1714: 16 3 10 5 11 4 14 8 9 1 13 7 6 12 15 2 
1715: 16 3 11 4 10 5 15 7 9 2 13 8 6 12 14 1 
1716: 16 3 11 4 10 6 14 8 9 2 13 1 12 5 15 7 
1717: 16 3 14 1 7 11 15 4 12 6 9 8 13 5 10 2 
1718: 16 3 14 1 9 11 13 12 6 15 4 8 10 2 7 5 
1719: 16 3 14 1 12 6 15 9 7 11 4 13 8 10 5 2 
1720: 16 3 14 1 15 6 12 9 10 2 7 5 13 8 11 4 
1721: 16 4 1 13 3 6 12 7 11 15 5 14 8 2 9 10 
1722: 16 4 1 13 9 5 7 15 8 14 3 10 6 2 12 11 
1723: 16 4 2 12 13 3 6 9 15 5 1 14 10 8 11 7 
1724: 16 4 3 11 7 1 15 2 13 6 8 10 14 5 9 12 
1725: 16 4 3 11 8 2 13 12 5 14 7 6 9 1 10 15 
1726: 16 4 3 11 13 2 8 7 15 5 1 12 14 6 9 10 
1727: 16 4 6 8 13 2 11 12 7 9 5 3 14 1 10 15 
1728: 16 4 8 6 3 12 13 2 15 9 7 11 14 1 10 5 
1729: 16 4 8 6 12 3 13 15 2 9 11 7 1 10 14 5 
1730: 16 4 9 5 1 13 15 7 8 14 11 10 6 2 12 3 
1731: 16 4 9 5 13 1 15 7 8 2 11 10 6 14 12 3 
1732: 16 4 11 3 7 15 9 13 8 14 5 10 6 2 12 1 
1733: 16 4 11 3 10 12 9 6 15 2 7 8 13 5 14 1 
1734: 16 4 11 3 13 10 8 7 15 5 1 12 14 6 9 2 
1735: 16 4 12 2 13 8 11 14 5 15 1 9 10 3 6 7 
1736: 16 4 12 2 13 10 9 7 14 6 1 11 15 5 8 3 
1737: 16 4 12 2 13 10 9 15 6 14 1 11 7 5 8 3 
1738: 16 5 1 12 4 3 15 8 6 14 10 9 7 2 11 13 
1739: 16 5 1 12 10 3 9 6 14 2 8 7 13 4 15 11 
1740: 16 5 2 11 9 1 13 4 12 6 7 8 15 3 10 14 
1741: 16 5 3 10 12 1 11 4 14 6 2 15 13 8 7 9 
1742: 16 5 4 9 13 1 11 10 8 6 7 3 14 2 12 15 
1743: 16 5 4 9 13 1 11 10 8 6 7 15 2 14 12 3 
1744: 16 5 4 9 13 2 10 11 8 7 6 3 14 1 12 15 
1745: 16 5 6 7 1 11 15 2 12 8 13 10 9 3 14 4 
1746: 16 5 7 6 2 14 12 4 13 8 11 9 10 1 15 3 
1747: 16 5 9 4 14 10 6 8 15 2 3 11 12 7 13 1 
1748: 16 5 10 3 11 12 8 6 15 7 1 13 14 4 9 2 
1749: 16 5 10 3 11 12 8 14 7 15 1 13 6 4 9 2 
1750: 16 5 11 2 8 14 10 6 13 4 9 7 12 3 15 1 
1751: 16 5 12 1 8 11 14 2 13 6 7 10 15 4 9 3 
1752: 16 5 12 1 13 6 14 7 8 11 2 15 10 9 4 3 
1753: 16 6 2 10 12 3 9 5 14 7 1 13 15 4 8 11 
1754: 16 6 5 7 1 12 14 3 11 9 13 10 8 2 15 4 
1755: 16 6 8 4 15 10 5 9 14 3 2 12 11 7 13 1 
1756: 16 6 10 2 12 11 9 5 14 7 1 13 15 4 8 3 
1757: 16 7 1 10 11 4 9 15 3 14 6 8 5 2 13 12 
1758: 16 7 6 5 3 15 11 4 12 10 9 13 8 2 14 1 
1759: 16 7 8 3 9 10 12 4 11 13 1 15 14 2 5 6 
1760: 16 7 8 3 9 10 12 14 1 13 11 5 4 2 15 6 
1761: 16 7 10 1 5 13 15 8 4 14 11 9 6 2 12 3 
1762: 16 7 10 1 11 9 13 2 12 8 3 14 15 5 6 4 
1763: 16 7 10 1 12 8 13 3 11 9 2 15 14 6 5 4 
1764: 16 7 10 1 15 4 14 8 5 3 11 9 6 12 13 2 
1765: 16 8 1 9 13 5 7 15 4 14 3 10 6 2 12 11 
1766: 16 8 1 9 15 3 7 6 13 4 2 12 14 5 11 10 
1767: 16 8 3 7 13 4 10 5 11 1 9 14 6 12 15 2 
1768: 16 8 3 7 14 2 11 5 10 9 1 13 15 4 6 12 
1769: 16 8 4 6 10 13 5 7 14 9 1 15 11 2 12 3 
1770: 16 8 6 4 5 14 11 2 13 9 7 15 10 3 12 1 
1771: 16 8 6 4 7 10 13 12 1 15 11 9 2 3 14 5 
1772: 16 8 9 1 5 13 15 7 4 14 11 10 6 2 12 3 
1773: 16 8 9 1 15 4 14 7 5 3 11 10 6 12 13 2 
1774: 16 9 5 4 7 10 13 11 1 14 12 8 3 2 15 6 
1775: 16 9 6 3 15 5 11 10 4 7 8 14 2 12 13 1 
1776: 16 9 6 3 15 12 4 11 10 7 2 13 8 5 14 1 
1777: 16 10 1 7 15 4 8 14 2 12 5 9 6 3 13 11 
1778: 16 10 2 6 11 8 9 1 14 4 5 13 15 3 12 7 
1779: 16 10 2 6 12 9 7 14 3 15 4 11 5 1 13 8 
1780: 16 10 3 5 7 8 14 9 1 15 11 12 2 4 13 6 
1781: 16 10 6 2 7 14 11 9 4 15 8 12 5 1 13 3 
1782: 16 10 6 2 13 14 5 11 8 9 4 12 7 3 15 1 
1783: 16 12 4 2 7 10 15 1 6 8 13 11 9 3 14 5 
1784: 16 12 4 2 9 10 13 3 6 8 11 15 5 7 14 1 
1785: 16 12 4 2 9 10 13 3 6 14 5 15 11 1 8 7 
1786: 16 12 4 2 10 9 13 3 6 7 11 15 5 8 14 1 
1787: 16 12 4 2 14 3 15 1 6 5 9 13 11 8 10 7 
1788: 16 12 5 1 8 11 14 2 6 7 13 10 9 3 15 4 
1789: 16 12 5 1 14 6 13 7 2 10 8 15 4 9 11 3 
1790: 16 14 1 3 10 9 12 2 6 7 11 13 8 4 15 5 
1791: 16 14 1 3 12 9 10 6 4 13 5 15 8 2 11 7 
1792: 16 14 1 3 15 4 12 6 2 10 7 13 8 5 11 9 
